0.410547
0.671101
0.069885
2.317587
0.000741
0.317160
1.857966
0.139280
0.027881
0.644281
0.608293
0.998429
0.521117
0.275134
0.022942
0.686292
0.255375
0.818401
0.192552
0.466564
1.667357
0.008912
0.067815
0.234307
0.150708
0.245329
0.130592
1.187912
0.509854
1.601169
0.671283
0.111166
0.598768
1.017300
0.105142
0.601225
0.206979
0.090349
1.429470
0.249784
1.102029
0.519838
0.148830
0.384992
0.036089
0.179978
0.166709
0.317053
0.056972
0.462097
0.039667
0.037398
0.484866
0.113516
0.295474
1.064504
0.446874
0.563596
0.775837
0.130799
0.504465
0.374259
0.280647
0.202823
0.252256
0.482708
0.016777
0.664335
0.767369
1.857975
0.068700
0.560633
0.486561
0.243738
0.118566
0.588396
0.582565
0.341244
0.087966
0.794351
0.051454
0.135638
1.012009
0.633999
0.290533
0.188493
0.457709
0.016044
2.309250
0.245313
0.151742
0.491113
1.230730
0.587673
1.596820
0.186177
0.185868
2.412590
0.023578
0.049883
1.715456
0.095846
0.732851
0.445483
0.410790
1.960969
0.165277
0.142764
0.322025
0.292415
0.022599
0.425052
0.570331
1.215597
0.172116
0.064536
0.128184
1.107678
0.082831
0.121849
0.163310
0.267582
0.921943
0.107422
0.055865
0.806663
0.350813
0.269079
0.786918
0.399568
0.357828
0.714379
0.644986
0.164400
0.215495
0.167726
0.150830
0.499306
0.381107
0.664483
0.038661
0.430853
0.183997
0.702843
0.336307
0.457038
1.043299
0.628986
0.336671
0.014488
1.344454
0.731892
0.292582
0.743264
1.634733
0.397812
0.427386
0.313862
1.674457
0.228935
0.008307
0.323137
0.068348
0.675847
0.705742
0.324947
0.013266
0.008384
0.057991
0.409981
0.696916
0.101620
0.073734
0.030808
1.396140
0.492737
0.537744
0.842647
0.209661
0.080594
0.926295
0.160483
1.247528
0.168545
0.024803
1.057976
0.900467
0.487776
0.212077
0.804051
2.322288
0.224829
0.161302
0.062867
0.054546
0.016239
0.453232
0.069365
0.024903
0.611338
0.584122
0.805878
1.101263
0.874920
0.983838
0.880698
0.301595
0.366035
0.514737
0.793456
0.551242
0.332741
0.036283
0.440297
0.739490
0.063004
0.312692
0.466954
0.676252
0.832002
0.261043
0.658001
0.094839
0.573571
0.948378
0.161570
0.626606
0.295291
0.260155
0.719847
0.082175
0.049773
0.414441
0.020948
1.268836
0.275547
1.017142
0.234111
1.430331
0.358752
0.092761
0.471733
3.108753
0.136775
0.109194
0.735133
0.221364
0.541071
0.236701
0.052195
0.319095
0.765866
0.888694
0.517153
0.313957
0.571072
1.266970
0.099658
0.067831
0.197498
1.438611
0.163153
0.273286
0.353797
0.192425
0.209290
1.335763
0.104542
0.629223
1.034241
0.603161
1.082432
0.331160
0.599841
0.066515
0.570551
0.316351
0.329160
0.209020
0.935293
0.435426
0.839439
0.496863
0.265792
0.306193
0.050519
0.048913
0.237889
0.162042
0.124266
0.610248
0.124564
0.345046
0.067329
0.650410
0.851647
0.315560
0.537269
0.003306
0.101615
0.379822
0.614294
0.035825
0.008326
0.260442
0.107652
0.597088
1.039122
0.563481
0.019740
0.637943
0.148792
0.955705
0.215870
0.553901
0.185584
0.295948
0.719654
0.583452
0.642833
2.036179
0.250097
1.441674
0.328343
0.366539
0.556981
0.177874
2.194067
0.200454
0.182599
0.094060
0.991906
0.006662
0.137632
1.055857
0.271709
0.284875
0.429030
0.174134
0.058445
0.476903
0.007510
0.229201
0.314482
0.227482
0.019070
0.750131
0.836328
0.805546
0.313304
0.383704
0.764606
0.980155
0.326808
0.153757
0.238016
0.082191
0.415145
0.228116
0.328766
1.020182
0.385899
0.211047
1.073879
0.753548
0.126349
0.180123
0.119624
0.803007
0.453895
0.195115
0.267254
0.472721
0.586891
1.063888
1.886604
0.651394
0.536219
0.778598
0.375979
0.065867
0.196566
0.186875
2.025946
0.817117
0.429693
0.224213
1.567281
0.075793
0.650426
0.288441
0.005366
0.154296
0.763195
1.121820
0.022481
0.002998
0.109341
0.148360
0.818129
0.787538
0.433567
0.123804
0.259177
0.157801
0.052810
0.240247
3.395977
0.709531
0.093645
0.374790
1.066357
0.342447
0.914064
0.997901
0.178877
0.268810
0.127745
0.148688
0.406550
1.530544
0.594688
0.418731
0.123387
0.325302
0.309132
0.152345
0.331065
0.535806
0.366356
0.170922
0.299421
0.052259
0.355529
0.965692
0.230932
0.469663
0.134970
0.230042
0.228775
0.261594
1.132664
0.142944
1.167697
0.664938
0.059813
0.114067
0.082056
0.206404
0.309222
0.615282
0.172214
0.085280
0.160837
0.356732
0.504034
0.666255
0.740753
0.063533
0.250215
0.172727
0.262857
0.929854
0.248250
1.248950
0.600878
0.716137
0.374173
1.373730
0.069633
1.122250
0.210250
0.013279
0.076968
0.141519
0.717107
0.147468
0.299365
1.221217
0.450247
1.213559
0.485008
1.081436
0.035488
1.131625
0.251315
0.608011
0.500073
0.091821
0.865572
0.013123
0.307970
0.131843
1.020826
0.952610
0.080981
0.421428
0.473948
0.564090
0.352033
0.678268
0.422448
0.944281
0.731925
0.624259
0.050032
0.377888
1.728735
0.394510
0.292959
0.412907
0.305710
0.033245
0.296314
0.373206
1.613407
0.923180
0.130376
0.448845
0.005003
0.026936
0.481684
0.317273
0.167199
0.335282
0.193592
0.284368
0.029928
1.355115
0.058344
0.414518
0.563393
0.570554
0.265719
0.294018
0.250112
0.354091
1.843186
0.224784
0.027319
0.270936
1.289946
0.357279
0.329537
0.232087
0.018605
0.292583
0.120103
0.154661
0.018061
0.126473
0.191731
0.530472
0.590966
0.461574
0.076839
0.007226
0.018588
0.111917
1.476589
0.079281
0.722136
0.488755
0.877709
0.096989
0.035392
0.124725
0.575666
0.022119
0.437174
0.667717
0.309592
0.353708
0.142209
1.443763
1.053629
0.167089
0.244918
0.048235
0.399398
0.274739
0.189500
1.014877
0.039857
0.004403
0.318730
0.123636
0.011694
0.354495
0.272039
1.769242
0.531365
0.101490
0.451559
0.328556
0.223167
0.543885
0.606042
0.022402
0.612609
0.167939
0.758818
0.091915
0.786008
0.014363
0.059509
0.555549
0.187268
0.346055
0.719355
0.992145
1.277003
0.040725
0.656808
3.384444
0.045504
0.113149
0.122901
0.058326
0.619591
0.507430
0.042261
0.226961
0.860891
0.563110
0.937096
0.100008
0.206831
0.398083
0.127509
0.023065
0.898591
0.002942
0.119767
0.492564
0.017391
0.196680
0.176492
0.212765
0.870613
0.031032
0.117291
0.687035
0.074481
1.408813
0.684770
0.127696
0.077026
1.657957
0.204354
0.959176
0.459705
0.269389
0.122962
0.274522
0.048411
0.033358
0.462894
0.281989
0.475292
0.882690
0.323267
0.296849
0.900134
0.584217
0.038617
1.016014
0.007232
0.232399
0.121359
0.913346
0.282743
0.276350
0.440921
0.422349
0.226953
0.201551
0.794082
0.354263
0.175102
0.070316
0.223755
1.135066
0.396738
0.432324
0.192243
0.510844
0.515486
1.281855
0.036862
0.148411
0.696881
0.396167
0.609617
0.441676
0.134830
0.754504
0.303976
0.144322
0.081618
0.555914
0.047032
0.436765
0.050269
0.563129
0.082932
0.308562
0.003770
1.483455
1.723152
0.180462
0.041544
0.199432
0.111365
0.493705
1.191456
0.365808
0.155627
0.400431
0.291564
0.206656
0.824825
0.107656
1.084718
0.359157
0.757782
0.065122
0.172160
0.134497
0.233276
0.291615
1.187011
0.310519
0.012368
0.001273
0.074465
0.097563
0.310925
0.078843
0.067227
0.282101
0.297874
0.115044
0.713776
0.522800
0.894869
0.551044
0.091594
0.052941
0.123514
0.469829
0.289029
0.013565
0.812148
0.196352
0.387386
0.437653
0.296099
0.887418
0.854952
0.856644
0.158999
0.647334
0.165881
0.176076
0.651996
0.272978
0.321319
0.106351
0.418040
0.458026
0.487476
0.007782
0.818510
0.241358
0.545266
0.508660
0.026024
0.889967
0.671437
0.157081
0.290436
0.097958
0.175747
0.139552
0.349271
0.902591
0.876666
1.493677
0.548373
0.519118
0.733335
1.393868
0.232554
0.026516
0.134114
0.052951
0.319672
0.617841
0.172719
0.019867
0.185002
1.231845
0.027968
0.060919
0.176750
0.633566
0.699480
0.214233
0.398935
0.338688
0.481287
2.317923
0.554288
1.229358
0.133183
0.094770
0.693168
0.031281
0.065191
0.268974
0.613052
1.110723
0.218861
0.040876
1.434088
0.445507
0.098607
0.268550
0.177712
0.318454
0.303040
0.468747
0.243843
0.355569
0.642052
0.575578
0.128917
0.323368
0.016376
0.750268
1.725715
0.525357
0.728984
0.508430
0.415937
0.000567
0.832824
0.189006
0.031884
1.352820
0.656211
0.731252
0.870686
0.044594
0.938146
0.730332
0.562100
0.013084
0.101350
1.828927
0.343487
0.508045
0.436860
1.072185
0.079444
0.182430
0.418033
0.234350
0.761523
0.456658
0.081950
0.693653
0.143255
1.253363
0.245940
0.840703
1.260358
0.111232
0.068865
1.991651
0.071144
0.981270
0.692588
1.577346
1.448632
0.453868
0.645977
0.483679
0.486949
1.197041
0.450856
0.063516
0.395640
0.097236
0.001078
0.591503
0.329311
0.420523
0.035119
0.153527
0.091691
0.123591
0.007375
0.269501
0.073941
0.258058
0.131045
0.029379
0.461433
0.222537
0.019600
0.664484
0.123413
0.775965
0.589799
0.089293
0.242843
0.270526
0.764996
0.003571
0.197714
0.237077
0.067573
1.033141
0.404076
0.068807
0.418495
0.018724
0.597518
0.503676
0.179155
1.000707
0.961448
0.189742
0.165313
2.371289
0.634615
0.358805
0.024778
0.193989
1.025164
0.045394
0.029251
0.047172
1.039523
0.691990
0.146232
0.150333
0.091532
0.018872
0.155163
0.340504
0.267755
0.249781
0.228830
1.736059
0.368831
1.360757
0.002860
0.123639
0.420870
0.183253
0.043832
0.274833
0.487271
0.227426
0.267338
0.208961
1.049991
0.310404
0.544073
0.690850
0.398454
0.636452
0.912798
0.276023
0.316877
0.048507
0.575856
0.506248
0.069343
1.504882
0.069966
0.392771
0.210721
0.344398
0.359824
1.003728
0.282856
0.365716
0.044277
0.000543
0.873285
0.092369
0.275773
0.297342
0.381931
0.910336
0.779967
0.265240
0.178747
0.301662
0.087490
0.948067
0.094971
3.713242
0.160159
0.514165
0.048179
1.584883
0.163617
0.125103
1.196711
0.263534
0.725123
0.145567
1.190200
0.163256
0.062925
0.207402
0.798124
0.113450
0.208224
0.487720
0.232351
0.723143
0.036951
1.181244
0.461456
0.986953
0.190991
1.167621
0.188509
0.325061
0.699315
0.333827
0.324491
0.013761
0.069335
0.421154
2.104324
0.262606
0.781861
1.121295
0.852527
0.406114
0.079147
0.646810
0.899985
0.153707
0.033740
0.499892
0.315231
0.260328
0.147195
0.914209
0.093422
0.197449
0.683534
0.741549
0.103720
0.032343
0.563937
0.348011
0.388979
0.280485
2.233758
0.009123
0.304855
0.062787
0.442596
0.291362
0.373886
0.237415
0.204317
0.211421
1.360121
0.328738
0.036577
0.732317
0.686190
0.072973
0.256145
0.120495
0.390078
0.533401
0.027484
0.622557
2.012711
0.801307
0.331948
0.092853
0.987611
0.088033
0.555724
0.257021
0.446755
0.538585
0.272369
0.024214
0.751305
0.003699
0.335595
0.181225
0.243376
0.869607
0.523269
0.192480
0.182775
0.635395
0.046254
0.027060
0.966153
0.335925
0.155191
0.252796
0.078403
0.193064
0.057674
0.068067
0.063319
0.450827
0.176026
1.961455
0.704352
1.715941
0.240749
0.212571
0.493244
0.810122
0.250106
0.259233
0.829107
1.070646
0.616526
0.108395
0.613516
0.221153
0.361209
0.006554
0.039975
0.461635
0.033981
1.344294
0.048266
0.202136
0.199400
0.135346
0.529004
0.287965
0.226611
0.738768
0.016220
0.541142
0.697198
0.774314
0.495579
0.072028
0.071810
0.147836
1.376866
0.374733
0.540193
0.684879
0.263713
0.230331
1.412850
0.062055
0.648375
0.303628
0.069482
0.813338
0.029842
0.108733
0.664846
0.081234
0.375369
0.033239
0.244782
0.099735
0.348712
0.696214
1.524950
0.381843
0.266116
0.609803
0.193946
0.021225
0.912598
0.303758
0.176576
0.746104
2.027924
1.585820
0.367981
0.249249
0.198153
0.309659
0.355935
0.027640
1.243521
0.509458
0.973148
1.840106
0.899268
0.449028
0.066617
0.225054
0.534947
0.358562
0.391838
0.086635
0.152838
0.342503
0.590687
0.563632
0.111926
0.007383
0.632291
0.020088
0.317398
0.007644
0.842363
0.301320
1.810372
0.204330
0.932788
0.178649
0.797642
0.218839
0.218646
0.625870
2.516526
0.118757
0.583621
0.879956
0.814958
0.839702
0.105596
0.309028
0.196788
0.661486
0.483921
0.444258
0.130403
0.187886
0.153817
0.281179
0.198673
2.021604
0.316984
0.799386
3.022630
0.167053
0.144169
1.767962
0.483111
0.050288
0.158250
0.269468
0.299056
0.491110
0.069990
0.293163
0.906806
0.855736
0.158433
0.512202
0.501081
0.309904
0.053792
1.588336
0.108836
0.640240
0.395943
0.276849
0.017988
0.835196
0.966603
0.225678
0.790633
0.196398
0.087827
0.784908
0.469339
0.265159
0.719394
0.129604
0.353894
0.017342
0.517775
1.578157
0.538832
0.747147
0.256288
0.343132
0.451926
0.558319
0.073981
0.129326
0.072267
0.136912
0.103011
0.200376
1.630245
0.660618
0.703992
2.899159
0.393752
0.471678
0.223302
0.207233
1.370652
0.368335
0.070335
0.393036
1.350618
1.122196
0.740756
0.290038
1.316221
0.270363
0.253385
0.443012
0.107382
0.801259
0.044008
0.776201
0.318604
0.125380
0.008151
0.465458
0.309321
0.113045
1.374371
0.274918
1.370922
0.587783
0.272297
0.327511
0.179794
0.757350
0.857057
0.135609
0.179353
1.508988
0.761445
0.133481
0.932513
0.404420
0.561108
0.741855
1.793168
0.037364
0.223857
0.090502
1.022482
0.294544
1.537707
0.209160
0.549743
1.753266
1.474953
0.068645
0.094584
1.075563
0.400631
0.057090
0.427836
1.772997
0.443939
1.047945
0.695726
0.262418
0.060852
0.027073
0.222713
1.134135
0.169140
0.114427
0.299951
1.627860
1.902960
0.275333
0.017012
0.206755
0.444585
1.172048
0.765873
0.391353
0.141125
0.299646
0.359573
0.107569
0.432659
0.577885
0.040180
0.069815
0.787728
0.528092
0.053503
0.240276
0.376723
0.957865
0.780101
0.516199
1.179432
0.080880
0.388653
0.106892
0.218409
2.383351
0.083573
0.201488
0.268009
0.103743
0.554856
0.001969
0.047948
0.302740
0.395669
0.205758
1.176874
0.030722
0.378496
0.330892
0.682812
0.468427
0.476464
0.385949
0.150796
0.629161
1.259274
0.779418
0.420401
0.617783
0.284111
0.321329
0.978379
1.821474
0.549183
0.119506
1.680746
0.858815
0.392923
0.239214
0.003958
0.120789
0.242394
0.052305
0.552517
1.336347
0.286954
0.426409
2.329687
1.714876
0.029800
0.664591
0.428712
0.557749
0.159532
0.904271
0.245607
0.106965
0.491384
1.570410
1.161009
0.030509
0.281815
0.714828
0.016788
0.051263
1.809742
3.199148
1.250239
0.364356
0.237873
1.300752
0.658538
0.719322
0.012743
0.256149
0.591570
0.309803
1.837899
0.576343
0.280576
0.016535
0.271949
0.002604
0.610011
0.589949
0.920375
0.048748
1.082650
0.314643
0.025461
0.773723
0.373508
0.327451
0.396835
0.409629
0.431318
0.368050
0.407744
0.342497
0.019626
1.375652
0.273870
0.736086
0.600166
0.296115
0.094043
0.249276
1.197081
0.078986
0.039956
0.206395
0.098407
0.342909
0.210336
1.074642
0.104751
0.102097
1.871692
0.038600
0.527380
0.013158
0.988460
0.097975
0.353095
0.263243
0.668157
0.044105
1.332096
0.174612
0.434153
1.734242
0.131280
0.001042
0.672402
1.328388
0.298001
1.208805
0.194611
0.221382
0.029341
0.254763
0.595265
0.134364
1.129482
0.020064
0.063395
0.044171
0.126821
0.050135
0.086492
1.042745
0.064701
0.010282
0.027598
0.494242
0.280776
0.782442
0.622902
0.223160
0.044772
0.173100
0.199386
0.190317
0.174574
0.035354
0.141445
0.680704
1.934758
0.420609
0.053482
0.018396
1.721547
0.798214
0.158571
0.995993
0.906129
0.247849
1.479491
0.031334
0.333020
0.056571
1.378347
0.467789
0.068099
2.312624
0.134267
0.407100
0.759539
1.476253
1.244623
1.007721
0.137495
0.141105
0.101248
0.382999
0.188548
0.280804
0.163441
0.173561
3.258864
0.239238
0.199796
1.698962
0.097797
0.459621
0.886370
0.007236
2.416216
0.753128
0.039042
0.325326
1.082448
0.005840
0.044927
0.006324
0.000906
0.193888
0.421491
0.763692
0.156826
0.333352
0.524391
0.356315
0.659292
0.894719
0.022906
0.023879
0.152349
0.195492
0.207695
0.151349
0.608497
0.553307
0.129214
1.066567
0.157700
0.029805
1.131215
0.152268
0.904339
1.770507
0.675134
0.638930
2.026447
0.876553
0.662008
2.081483
0.080202
0.180851
0.729079
0.270151
0.780593
0.269760
1.309164
0.369699
0.143786
1.785156
0.421097
0.359306
0.175106
1.199290
0.743056
3.663859
0.431940
0.000743
1.063801
0.945168
0.030593
0.749799
0.059118
1.129195
0.688759
0.956433
0.479663
0.655453
0.568326
0.215995
0.627393
0.878126
0.531084
0.329082
0.140345
0.293860
1.147160
0.094258
1.705727
0.080723
0.077547
0.384196
0.541851
0.289131
0.294750
0.285827
0.288545
0.012081
0.287143
0.192352
1.031198
0.342833
0.050534
2.079121
0.248566
0.928707
0.906109
0.004306
0.427067
0.362646
0.222644
0.170690
0.210132
0.006875
0.737913
0.443200
0.306303
0.555211
0.712884
0.276753
0.856477
1.168287
1.626111
0.328241
0.209632
0.261034
1.242871
0.759204
0.281568
0.218191
0.052840
0.180794
0.948145
0.109336
0.169695
0.138274
0.020588
0.066482
0.143960
0.476851
0.511271
0.470214
1.171178
2.050575
0.488012
0.562441
0.423510
0.042374
0.212239
0.200975
0.352940
0.090495
0.133500
0.315216
0.520479
0.429951
1.037110
0.414621
0.221378
0.181868
1.245966
0.306266
0.468700
0.728628
0.531292
1.132405
0.004383
0.593358
0.010435
0.149815
0.185145
0.540840
1.014169
0.119995
0.517003
0.338283
1.097645
0.121501
0.425365
0.133654
0.395619
0.041269
0.255513
0.759442
0.395779
0.024072
0.221459
0.273405
0.471605
0.628646
0.647554
0.375255
0.095338
0.203599
0.174778
0.880242
0.131096
0.181007
0.369927
0.144703
0.413493
0.892735
1.216719
0.282008
0.023360
0.406738
1.280164
1.361481
0.740119
0.342210
0.092492
0.192194
0.427646
0.420827
0.052778
0.064885
0.478564
0.306261
0.391437
0.128499
0.095335
0.156699
0.702237
0.213238
0.462575
0.025385
0.096327
0.898382
0.217883
0.598745
0.044665
1.237672
0.377863
3.042158
0.213048
0.428984
0.404175
0.157127
0.356978
0.197874
0.724691
0.568438
0.519168
0.207853
0.142631
0.685473
0.309788
0.998245
0.114173
0.002374
0.047605
0.237202
0.159949
0.933207
0.645381
1.049029
1.126070
1.152150
0.621479
0.142548
0.455926
0.797095
0.089517
0.068799
0.791517
0.357563
0.609590
0.214666
0.758286
0.120924
0.563321
0.394632
1.122181
0.194184
1.085545
0.076685
0.035195
0.213682
0.003198
0.158810
0.217326
0.051124
0.524719
0.492135
1.428141
0.234845
0.350180
0.908059
0.160775
0.121077
0.044635
1.032554
0.006032
0.143391
0.000874
0.821600
0.713963
0.612554
0.084621
0.389060
1.269779
0.890637
0.045265
0.843980
0.083271
1.796772
1.576673
0.125119
0.193032
1.657519
0.340120
0.558567
0.031397
0.077375
0.177675
0.001693
0.365086
0.811426
0.918559
0.787879
0.008944
1.302695
0.548824
0.015085
0.096459
0.551447
0.905043
1.371666
0.234494
2.417685
0.323490
0.175108
0.867594
0.413829
0.058586
1.887141
0.383319
0.035135
0.110592
0.967933
0.016017
0.588722
0.375902
0.048469
0.901830
0.878842
0.050335
0.218075
0.497425
1.378300
0.079280
0.521991
0.992496
0.838251
0.566090
0.019406
0.327987
0.360804
1.819339
0.966992
0.352697
0.298999
0.081785
0.200029
0.006551
0.151540
0.183194
0.397528
0.199730
0.351797
0.258879
0.223803
0.109782
1.348776
0.301865
0.016487
0.713945
0.398145
0.243811
0.247482
0.332273
0.380224
0.019556
0.213941
0.211954
0.629437
0.244027
0.876018
0.130719
0.223060
0.572865
0.666174
0.830317
0.894585
0.034066
0.865798
0.049557
0.233108
0.232164
0.275546
1.051144
0.747135
0.767452
0.038956
0.615873
0.135744
0.056803
0.315935
0.772660
0.339922
0.978825
0.158899
0.013093
1.137323
0.484267
0.232100
0.474915
0.003281
0.110287
0.926552
0.228196
1.059925
0.433028
0.097045
0.623878
0.518178
3.720970
0.823084
0.009022
0.231698
0.131262
1.130272
0.079172
0.007768
1.764409
0.964346
0.145960
0.040632
0.195090
0.020374
0.423562
0.100370
0.187113
0.454659
0.041170
1.348106
1.729890
0.589210
1.399103
0.091064
0.383381
0.182292
0.023785
0.061015
0.328823
0.712116
0.713837
0.328258
0.417955
0.752577
0.955950
0.798291
0.560004
3.301994
0.837865
0.516951
0.959706
0.034140
0.640847
0.097018
0.055985
0.173920
0.221776
0.270735
1.108153
0.287495
0.215890
0.981460
0.069358
0.171054
0.013201
0.546828
0.452234
0.037638
0.756812
0.040157
0.891360
0.388290
0.408809
0.254031
0.191392
0.264426
0.108924
2.399552
0.263277
0.004309
0.505502
0.152360
0.038754
0.222035
0.289055
0.099537
0.528305
0.797989
0.456421
0.391926
0.133665
1.490577
0.257843
0.226360
0.136557
0.280153
0.014773
0.898597
0.348055
0.827750
1.211867
0.202707
0.214643
0.317371
0.657710
0.549906
1.062831
1.311326
0.537686
0.171252
1.374205
0.174761
0.402241
0.005304
0.530016
2.397114
0.106017
0.182586
0.777978
0.779565
0.946164
0.011937
0.671515
0.145302
0.245263
1.907002
0.571524
0.269621
0.836127
0.100834
0.127971
0.642929
0.362765
0.427644
0.107535
0.142224
0.138474
0.038527
0.096162
1.154984
0.226412
0.058790
0.108898
1.243556
0.064760
0.946122
1.196107
0.187379
0.084322
0.597978
0.053918
0.002240
0.638588
0.919968
0.148299
0.057633
0.854941
1.388797
0.372938
0.498872
0.064170
0.696145
0.219157
0.505819
0.197510
0.397469
1.076855
0.419943
0.487160
0.030357
0.316474
2.160781
0.093067
0.546346
1.169475
0.172176
0.360726
0.836040
0.463000
0.553036
0.356399
0.612241
0.559836
0.131271
0.396222
1.331568
0.207589
0.228149
1.012791
1.002942
3.029865
2.233925
0.479799
0.217350
0.490288
1.434876
1.155972
0.355505
0.358236
0.370625
0.419386
1.968749
0.356882
0.668937
0.518087
0.267025
0.014672
0.086667
0.128039
0.500899
0.880968
0.665236
0.206904
0.348478
1.698902
1.086369
0.282968
0.182880
0.145517
0.178519
0.094244
0.143958
0.170389
0.777339
0.461552
1.224892
0.658440
0.350235
0.274558
0.139564
0.013752
2.317778
0.126840
0.385374
0.650786
1.017235
1.509066
0.706963
0.014403
0.097415
0.246816
0.971345
1.219051
0.651835
0.222038
1.056921
0.476738
0.782125
0.102626
1.009120
0.047710
0.221076
0.062377
0.238851
0.078965
0.636486
0.173702
1.052359
0.126576
0.629426
0.064870
0.144361
0.612631
0.212123
0.775851
0.284771
0.121028
0.672040
0.105996
0.139448
1.239938
0.434493
0.052716
0.882812
0.184873
0.306842
0.615752
1.286481
0.143442
1.120767
0.782236
0.208070
0.144543
1.193460
0.636847
0.253037
0.494551
0.006889
0.160973
0.954391
0.654119
0.252869
0.054082
0.286372
0.678710
1.106517
1.021033
1.581047
0.496926
0.031613
0.112225
0.394937
0.513460
0.179129
0.235016
1.507782
0.713047
0.043414
1.038413
0.004599
1.883307
0.547521
0.215059
0.129335
0.426144
0.036163
0.490500
0.112605
0.043573
1.152928
0.027434
0.838752
0.176388
0.084748
0.143297
0.020381
0.023830
0.063589
3.017101
0.564113
0.099648
0.110728
0.125830
0.864630
0.346331
0.455042
0.742651
0.150223
0.570773
0.522401
0.156444
0.535807
0.188230
0.481476
1.083444
1.091402
0.582388
0.357217
0.046566
0.738030
0.264544
0.076761
0.439286
0.615712
0.177073
0.897306
0.689292
0.211383
1.531278
0.684560
0.010694
0.071892
1.444052
0.139628
1.567597
0.293561
0.919939
0.654805
0.608000
0.368903
0.237660
1.792343
0.098849
0.588871
0.446398
0.033524
0.432919
0.163210
0.428281
0.551654
0.025627
2.142914
0.831803
0.503362
0.592675
0.057578
0.315926
0.292080
0.302148
0.273767
0.104186
0.321895
0.405459
0.071020
0.633555
0.358780
0.429587
0.409944
0.138624
0.164304
0.042429
0.484381
0.145397
0.151053
0.187328
0.925182
0.196958
1.111773
0.064666
1.156163
0.410494
0.093936
1.091101
0.231454
0.819603
0.435620
0.326311
0.160282
0.012143
1.350502
0.595176
0.119185
0.261756
0.144799
0.211180
0.067292
0.720894
1.269090
0.578288
0.002823
0.112238
0.727920
0.491852
0.302014
0.013961
1.394769
0.175641
0.217800
0.886937
0.270241
0.146577
0.247418
0.444353
0.076168
0.715391
0.250998
0.641631
0.137350
0.552725
0.686910
0.095012
0.226927
1.596488
0.434496
0.478895
0.180809
0.613016
0.238821
0.127086
0.248777
0.243379
0.277134
0.086451
0.005764
1.055576
0.103091
1.497982
0.096256
0.387655
0.757831
0.449040
0.788806
0.093566
0.100118
1.365400
1.340786
0.429177
0.536036
0.094216
0.140571
0.259230
0.211411
0.470680
0.225896
1.298014
0.128197
0.549755
0.499804
0.465599
1.110079
0.012126
2.372423
0.190568
0.100899
0.001384
0.108964
0.230268
1.526432
0.231759
1.195677
0.660467
1.656349
0.605376
1.170561
0.078353
0.506483
0.901890
0.638603
0.174467
0.003547
1.694585
0.600529
0.216835
0.429207
0.032343
0.162384
0.810577
0.653934
1.199996
0.262334
0.485126
1.353340
0.255039
1.389724
0.061639
0.257347
0.071787
0.331831
0.219325
0.351273
0.250051
0.046171
0.315800
0.050219
2.413370
0.475058
0.659165
0.878135
0.203599
0.013675
0.899033
0.178875
0.647502
0.103054
1.047451
0.777336
0.311400
0.568542
0.365264
0.233278
0.045781
0.075038
0.182702
0.333786
0.040217
0.274147
1.100754
0.118513
1.188132
0.140159
0.628873
0.178791
0.202231
0.101649
0.252250
0.196263
0.797938
0.068833
0.082416
0.070642
0.084559
2.146824
0.283265
1.067237
0.094734
0.185116
0.554990
0.505521
2.240302
0.104608
0.004521
0.039613
0.198851
0.189230
0.414158
0.259952
0.668086
0.301269
0.479145
0.516768
0.597072
0.201852
1.449192
0.015076
0.362963
0.208577
0.218751
0.187996
0.317149
0.352930
0.294528
0.490791
0.339288
1.050469
0.353598
0.547203
0.103564
0.097649
0.179354
0.096646
0.228003
0.185839
0.145127
0.592621
0.491093
0.844086
0.052541
0.225225
0.155798
0.629746
0.003468
1.672779
0.024784
1.516191
2.597926
0.415610
0.173278
0.214479
1.051356
0.718946
0.965957
0.195060
0.245392
0.213695
0.111999
1.126084
0.006569
0.245322
0.037490
0.188785
0.414513
0.288508
0.490278
0.844924
0.071218
0.144112
0.497931
0.132313
0.474748
1.142951
1.485111
0.483760
0.994169
2.915951
0.424053
0.974339
0.412255
0.999965
0.115557
0.289396
0.493393
0.031726
0.718689
0.007598
0.263199
1.650221
1.203473
0.274371
0.216085
2.012841
0.667417
1.229190
0.272862
0.224470
0.654443
0.402972
0.473506
0.223514
0.770516
0.127553
0.149737
0.663160
0.932621
0.064980
0.657667
0.269712
1.941399
0.173479
0.165344
0.102749
0.659488
1.197342
0.142003
0.341639
1.287719
0.534297
0.306405
0.897250
0.041057
0.827937
0.846242
0.845407
0.642775
0.134931
0.097598
0.302001
0.779965
0.778963
0.840613
0.428644
0.007350
0.037710
0.185704
0.982108
0.108156
0.021377
0.161931
0.095533
0.203998
0.408474
0.222894
0.035001
0.314636
0.466869
0.413511
0.247886
0.152874
0.010522
0.127246
0.209473
0.885682
0.020738
0.085923
0.403047
0.162272
0.204148
0.003402
0.034671
0.066563
0.859168
0.514564
0.074969
1.118784
1.527940
3.440354
0.045947
2.626773
0.161222
0.151716
0.200081
0.897417
0.485638
0.253249
0.178956
0.129592
1.610039
0.588446
0.338387
1.978312
1.241181
0.897903
0.832401
1.574235
2.407784
0.226414
0.133434
0.198090
0.231775
0.179209
0.300521
0.106343
1.440313
0.447018
0.044346
1.135636
0.445763
0.094776
1.110918
1.003444
0.284925
0.125116
0.601052
0.028704
0.482186
0.000152
0.167114
0.432354
0.588939
0.747732
0.410147
0.468914
0.470627
0.231390
0.416901
0.460349
0.663338
0.804297
1.321649
0.055799
0.053264
0.239529
0.176331
0.022996
1.781241
0.240680
1.421671
0.412314
0.404534
0.895958
0.278606
2.260273
0.028147
0.067701
0.022973
0.559687
0.067875
0.199505
0.145404
0.854648
0.055394
0.835760
0.278898
0.627165
0.100757
2.490686
0.190259
1.245363
0.787437
0.140761
0.011504
1.122235
0.491749
0.192781
1.398165
0.455193
0.605312
1.063206
0.086721
0.148338
0.626048
0.441464
0.141070
0.732309
0.624249
0.171766
0.292011
0.916300
0.483472
0.593215
0.537951
0.644817
0.353349
0.045258
0.289340
0.584363
0.041514
0.704994
0.466194
1.030376
0.000610
0.495957
0.727625
0.493383
1.488604
0.611449
0.127350
0.526419
0.441380
0.242323
1.191732
0.178663
1.761919
0.083383
0.035903
0.575340
0.293801
0.358350
0.370729
0.033122
0.115543
0.100808
0.777301
0.624238
0.156761
0.129442
0.257330
0.214474
2.065774
0.004361
0.125160
2.105275
0.507803
2.215861
0.473866
0.442011
0.591645
0.907714
0.135863
0.164315
0.125075
0.078740
0.434400
0.106491
0.177843
0.524675
1.041357
0.680605
0.088054
0.254572
0.824474
0.229276
0.435636
0.453758
0.042158
0.950938
0.870237
0.330007
0.111271
0.826446
0.338479
0.273197
0.789131
0.069434
0.263031
0.260478
0.630340
0.054240
0.139381
1.544748
0.241356
0.312366
0.052781
1.654381
0.534176
0.254987
0.475018
0.379466
0.077239
0.745263
1.335548
1.506804
0.076895
0.359134
0.396329
0.126420
0.225584
0.232546
0.613047
0.413493
0.099486
0.110575
2.055243
1.826642
0.198793
0.249343
0.239132
0.022812
0.342069
0.488314
3.492005
1.053376
0.046067
0.052266
0.921967
0.682153
0.345318
0.303557
0.161672
0.513444
0.130569
0.116029
0.449184
0.232905
0.635598
0.075485
0.452899
0.043117
0.358771
0.180015
0.518177
0.589603
0.347321
0.495580
0.549163
0.882479
0.010881
0.023920
1.033379
0.363871
0.554535
1.029733
0.251568
0.709720
1.783013
0.135363
0.349173
0.317887
0.589241
0.754499
0.059592
1.276034
2.133209
0.610596
0.174391
0.611190
0.932967
1.104698
0.775801
0.221037
0.106954
0.284003
0.025528
0.590981
0.032109
0.630001
0.369208
0.043720
0.719974
0.251705
0.459056
0.283869
0.155996
2.773017
0.106191
0.137050
0.132812
0.591983
0.619315
1.298656
0.320093
0.864601
0.940643
0.306959
0.375066
0.076610
0.089711
0.233360
0.016412
1.521809
0.655115
0.127361
0.243623
0.757103
1.251692
0.296999
0.342951
0.290197
0.379228
0.150164
0.903507
0.070977
0.589832
0.054834
0.068733
1.076923
0.210502
0.224480
0.431257
0.027667
0.169302
0.026019
1.045376
0.072421
0.356145
0.258842
0.162104
0.560010
0.750393
0.184946
0.491836
0.353915
0.381849
0.005909
0.169351
0.300970
0.307753
0.765473
1.115479
2.369019
0.022025
0.651770
0.065957
0.665357
0.892789
0.145190
0.483364
0.096739
0.475608
0.110058
0.130516
1.156137
0.142697
0.056109
0.018231
0.708918
0.356932
0.187496
0.282367
0.169345
0.486295
0.029638
0.791359
0.084776
0.035911
0.042718
0.468514
0.376380
1.003311
0.347359
0.367172
1.196535
0.130173
0.516080
0.516922
0.031744
1.130643
0.153288
0.135529
0.356178
0.309587
0.314778
0.264221
0.618753
0.425863
0.295550
0.315232
0.043637
0.711454
1.147033
0.231709
0.239732
1.569782
0.090434
0.384844
0.013173
0.142073
0.078357
0.404769
0.059900
0.518998
0.039044
0.010894
1.039929
0.634487
0.548180
1.378888
0.476819
1.329288
0.095577
0.066295
0.248431
0.512450
0.382486
0.053490
0.120711
1.979965
0.420953
0.176956
0.673390
0.315797
0.552718
0.064376
0.276653
0.899054
0.535963
0.299788
0.042633
0.811524
0.002955
0.108229
0.297593
0.042239
0.121792
0.195480
0.804440
1.068966
0.150660
0.267689
0.835800
0.284717
0.386884
0.113838
0.039155
0.038107
0.181975
0.171113
0.027924
1.036472
0.443215
0.790524
0.209611
0.148401
1.232843
0.729208
0.047814
0.425135
0.123175
0.094932
0.235325
0.126958
0.229087
0.868478
0.182103
0.438233
0.079813
0.055544
0.313540
0.261868
0.366664
0.162799
0.922110
0.030098
0.328428
1.245505
0.070668
0.772282
0.115957
0.102970
0.540554
0.792034
1.965082
0.001613
0.026526
1.128849
0.736181
0.077081
0.315659
2.253474
0.189749
0.927396
0.119897
0.574992
0.550496
0.365385
0.155378
0.843689
0.488554
0.660173
0.125960
0.077330
0.005460
0.033361
0.112644
0.339014
2.000916
0.202869
0.163543
0.104561
0.366604
1.404692
2.054158
0.346568
1.432171
0.017935
0.251597
0.625177
0.098069
0.995764
0.606279
0.340508
0.613838
1.237132
0.097555
0.234591
0.284790
0.293819
0.105041
0.029790
0.097594
0.265663
0.112280
0.104239
0.323819
0.257791
0.570599
0.306648
0.666590
1.603736
0.520843
0.147855
1.147801
0.498080
0.705275
0.923463
0.548217
0.082080
0.405825
0.929081
0.007510
0.149499
0.206198
0.639950
0.095710
0.362003
0.050696
0.468823
1.603915
0.168369
0.548743
0.073598
0.598796
1.010297
0.196563
0.096064
0.157540
0.002818
0.501518
0.003327
1.678510
0.164514
0.152332
0.999245
1.210023
0.009398
0.613346
0.430218
0.093174
0.152322
0.273281
0.102236
0.368083
0.711482
1.186812
0.594161
0.160237
0.001642
0.181001
0.133124
0.170670
1.753452
0.231515
2.181621
0.908335
0.594841
0.088405
0.056979
0.604161
0.793100
0.060709
0.549001
0.039346
0.236576
0.378495
2.162154
0.251748
0.135683
0.414804
0.416895
0.346850
2.094637
0.694194
0.010780
0.680985
0.535567
0.630444
0.009102
0.540375
0.010263
0.145036
1.496297
2.319238
0.486981
1.383151
0.879437
0.191435
0.052218
1.370274
0.009795
1.124359
0.025542
0.578963
1.755625
0.278231
0.122175
1.572090
0.863975
0.302979
0.367691
0.245472
1.547502
0.352124
0.074526
1.865994
0.143417
0.794462
0.589888
0.155580
0.304876
0.624084
0.366144
0.260739
0.607512
0.076347
0.210388
0.378639
0.307821
0.292264
0.314170
0.326105
0.205563
0.363170
0.090143
0.183534
1.433146
0.240436
0.153354
0.725027
0.904569
0.768121
0.083260
0.782543
0.171479
0.172563
0.728325
0.387934
0.045906
0.307757
0.822788
0.392893
0.094737
0.197479
1.503861
1.043349
0.315462
0.174112
0.261249
1.312816
0.667211
1.033700
0.261038
0.038325
0.246992
0.423944
0.239843
0.202408
1.533477
0.518040
0.051760
0.779472
0.281032
0.145000
0.434431
0.637020
0.392199
0.213515
0.150550
0.498927
0.823034
0.034726
0.096531
1.951036
0.249932
0.067432
0.967943
0.987672
0.272556
0.152357
0.777694
0.085343
0.073179
0.108832
0.131137
0.373233
0.728973
0.473017
0.979008
0.637776
0.148449
1.575662
0.357048
0.580535
0.117192
0.047670
0.261407
0.698268
0.288566
0.550026
0.242155
0.140974
0.662583
0.409862
0.127760
0.068270
0.578562
0.042338
2.251046
0.055932
0.210688
0.752104
0.152413
0.326971
1.813635
0.340064
0.002994
0.674880
0.055561
1.000616
0.309410
0.224747
0.863087
1.783969
0.025067
0.015734
0.032388
0.304447
0.765140
0.347792
0.065735
0.091603
0.686992
0.973980
0.648865
1.794790
2.101961
0.265905
0.027535
1.824394
0.365211
0.253282
0.696728
0.759439
1.049598
0.645847
0.160440
1.074565
0.313579
0.238743
0.689651
1.310800
0.676834
0.422313
1.146811
0.781772
0.459722
1.632756
0.141616
0.242891
0.310915
0.230898
0.401690
0.117825
0.128922
0.163583
0.100650
0.119349
0.588010
0.134537
0.103097
0.117728
0.501674
1.391191
2.346055
0.357487
0.544288
0.154162
0.250610
0.069170
0.517793
0.076841
0.029085
0.244443
0.623679
1.557373
0.097581
0.188436
1.247072
0.275783
0.599958
0.239399
0.789460
0.144487
0.446305
0.010656
0.377515
0.740845
0.132918
0.125193
0.004349
0.272157
0.282192
0.513625
0.221481
0.274197
0.082912
0.010700
0.581487
0.395947
0.081477
0.202053
0.584736
0.115891
0.634909
0.257255
0.088662
1.133683
0.629747
0.041649
0.193102
0.268057
0.308460
0.060616
0.548234
0.026073
0.072662
0.109050
0.867378
0.229981
0.270173
0.892540
0.776653
0.944390
0.321442
0.079100
0.157949
0.493129
0.091658
1.588758
0.095607
0.191264
0.171765
0.995764
0.371952
0.004952
0.154432
0.581154
1.183671
2.006527
0.728703
0.128505
0.252840
0.129098
0.208372
0.032459
0.163119
0.323197
0.149749
0.053750
0.931393
0.563914
1.360108
0.501487
0.372228
0.262433
0.756006
0.794509
0.018019
1.469001
0.701588
0.117507
0.153870
0.022981
0.037876
0.779464
0.028167
0.206754
0.323968
1.622711
0.193269
0.139880
0.103935
0.632039
0.318943
0.375915
0.757874
0.693064
0.002288
0.019977
0.954871
0.946316
0.628389
0.770938
0.329410
0.137507
0.108075
0.151955
0.018494
0.130541
0.117293
0.781508
0.289216
0.321222
0.902177
0.358901
0.153013
1.104532
0.951400
0.674515
0.952726
0.094036
2.084862
0.019855
1.098865
0.304527
0.419004
0.553273
0.115395
0.424308
0.616302
0.029862
0.273501
0.275735
0.928936
1.170959
0.545822
0.019569
0.090719
0.603068
0.156100
0.235026
0.337796
0.614452
0.945320
0.197681
0.123951
0.059762
0.122158
0.036507
0.959225
0.035214
0.138442
0.909183
0.056549
0.070093
0.173960
0.560989
0.804979
0.346512
0.141419
0.355219
0.408124
0.550823
1.347586
0.257006
0.423771
0.454168
0.290169
0.668681
0.176522
0.616280
0.059670
0.776997
0.268792
1.628785
0.061175
0.504484
0.038536
0.201675
0.611779
1.310993
0.255352
1.475152
0.724193
0.353485
0.040865
0.030350
0.099975
1.054263
0.409166
0.278947
0.244821
0.062071
0.050055
0.192555
0.365585
0.549499
1.241030
1.596424
0.258974
0.120324
0.550408
0.363612
0.001242
0.043456
0.325302
0.062579
0.634073
0.401978
0.298523
0.276228
0.326758
0.946869
0.232720
0.140411
0.220305
0.299483
0.181011
0.385645
0.199645
0.992306
1.678645
0.630023
1.939110
0.031168
0.018323
0.344545
0.649560
1.522585
0.305242
0.070486
0.090937
0.066373
0.522399
0.092427
0.116316
0.067627
0.168728
1.303209
0.568081
0.665867
0.215905
0.086426
0.440308
0.641524
0.258402
1.422179
0.095235
0.614318
0.326399
0.349215
0.421840
0.294018
0.123585
0.398352
0.351615
0.147169
0.024151
0.132142
0.116210
0.350657
0.226066
0.233948
0.494941
0.006020
0.390941
0.903742
0.074524
0.882671
0.718026
0.850296
0.416035
0.059844
1.868252
0.081451
0.902759
0.238807
0.048340
0.004541
0.045536
0.423810
0.358387
0.534899
0.008141
0.655904
0.115405
0.368200
2.121752
0.146022
0.700013
0.107234
0.708028
0.062294
0.418176
0.243644
0.069118
0.057799
0.125285
0.155700
1.390622
2.060697
0.044418
0.349473
0.050784
0.031558
0.529527
1.345529
0.290718
0.683971
1.417074
0.375337
0.190583
0.301567
0.102206
0.202546
0.101409
0.247955
0.962933
0.092693
0.516760
0.467813
0.224901
0.256730
0.645126
1.322238
0.773908
0.961748
0.019435
0.004486
0.064761
1.868257
2.460574
0.115643
0.326054
0.046765
0.155751
0.070937
0.010857
0.616458
1.050392
1.644538
0.134928
0.108193
0.268600
0.273559
0.375029
0.457135
0.836638
0.240561
0.731386
0.304970
2.281571
0.070006
0.976650
0.626528
0.030730
0.518499
0.419983
0.051423
0.531257
0.585202
0.038385
0.520818
1.132865
0.402544
0.666685
0.089503
0.577943
0.709187
1.029655
0.413752
0.637563
0.057688
0.708246
0.073220
0.377888
0.167804
0.664792
0.209824
0.549819
0.350408
0.803069
0.534399
0.503206
0.535791
0.231771
0.592220
0.180497
1.400273
0.784669
1.578306
0.495751
1.003894
0.463870
0.372459
0.271215
0.208490
0.584185
0.054845
0.052047
0.412294
0.549429
0.855910
0.555171
0.275985
1.558216
0.112139
0.617702
0.587365
0.392225
0.236036
0.108405
0.210012
0.016711
0.884185
0.000251
0.258606
0.370614
0.180857
0.210068
0.189379
0.151194
1.788196
0.099838
1.003103
0.343832
0.457732
0.115631
0.103129
0.607950
0.182157
0.689088
0.231261
0.066645
0.271086
0.791134
0.041949
0.483033
0.350362
0.738268
0.088997
1.060405
1.697947
0.352631
1.220556
0.794520
0.353139
0.190451
0.192354
0.830475
0.539107
0.503435
0.036818
0.499593
0.845439
1.378298
0.069098
0.268338
0.077136
0.189496
0.063274
0.297364
0.032755
0.335864
0.425575
0.328819
0.166805
0.530010
0.053430
0.774267
0.276800
0.153535
0.550567
0.248472
0.735757
0.434277
0.103814
0.162135
1.137473
0.353463
0.045502
0.407087
0.076273
0.085974
0.104630
1.574711
0.049617
0.191280
0.232954
0.135530
0.501656
0.337952
0.578730
0.596595
1.968117
0.149738
0.098418
0.153361
1.217168
0.164268
0.026482
0.205843
0.393098
0.634863
0.652966
0.189057
0.178005
1.241882
0.447990
0.109533
0.275315
0.567814
0.700657
0.416083
0.906256
1.428356
0.369090
1.338462
0.150843
1.124294
0.092355
1.121060
0.243681
0.963349
0.446427
0.228038
0.060048
0.733078
0.497638
0.012920
0.025232
0.572795
0.225474
0.450255
0.256293
0.048286
1.195626
0.602970
0.004332
0.346851
1.138075
0.282853
0.098651
0.526410
2.893769
0.007970
0.450197
0.365894
1.469099
0.962146
0.266709
0.061476
0.688742
0.802620
1.754377
0.206473
0.090397
0.043450
0.056859
0.794257
0.057559
0.085218
0.324790
0.319060
0.693830
1.055118
0.414794
0.537681
0.433013
0.424782
0.086643
0.323802
0.002224
0.206366
0.068339
0.000687
0.218458
0.638882
0.367323
0.179061
0.428258
1.356997
0.269533
0.195152
0.660042
0.244510
0.541543
1.142765
0.317442
0.732544
0.592169
0.432255
1.299457
0.094242
0.025887
0.563486
0.025950
0.476255
0.203843
0.497068
0.103283
0.340527
0.056393
0.106019
0.892125
0.133553
0.106869
0.102929
1.558931
0.623727
0.333802
0.378693
0.519926
1.170511
0.962958
0.238518
0.171628
0.362535
0.162630
0.714698
0.167492
1.782643
0.207219
0.118049
0.077449
0.246940
1.087024
0.107882
0.001991
0.124934
0.868725
0.105732
0.627656
1.334583
0.240365
0.396031
0.090221
0.426784
0.660517
0.064398
0.169047
0.124362
0.527713
1.354264
0.066181
0.352826
0.187525
0.267661
0.011083
0.446294
0.096226
0.183055
0.412901
0.361138
0.363735
0.611431
1.172229
0.258048
1.149735
1.193396
0.489417
0.643169
0.051946
0.207200
0.531250
0.327296
1.087332
0.856033
0.027996
0.483127
1.409665
0.208763
0.915352
0.448624
0.160579
1.657618
0.051861
0.442682
0.237563
0.064170
0.097911
0.402888
0.278452
0.673456
0.035004
1.440223
0.294909
1.782695
0.213123
0.211758
1.059257
1.775344
0.035737
1.919100
0.185937
0.642570
0.306996
0.109646
0.391422
0.360020
0.847517
0.330098
0.964108
0.533711
0.039283
0.069219
0.483503
0.095631
0.630659
3.100830
0.174445
1.124812
0.400625
0.639257
0.503271
0.482276
0.547469
0.041740
0.446482
0.006281
0.276997
0.317769
2.060721
0.340935
0.297845
0.174309
0.122770
1.190982
0.337899
0.714837
0.273138
0.183837
0.139766
0.161130
1.658834
0.192407
0.259407
0.437987
0.340121
0.064766
0.435560
0.775667
0.008093
0.071214
0.356251
0.525732
0.696349
0.096200
0.655899
0.209394
0.103824
0.084810
0.837003
0.093940
0.525403
0.151447
0.313327
1.012710
0.092535
1.571809
0.495338
0.445619
0.153623
1.029965
1.002510
0.129575
0.106572
0.157435
0.835222
0.578330
0.248470
0.249905
0.320752
0.261841
0.373383
2.039738
0.030002
0.162657
0.086051
0.777720
0.483602
0.212029
1.449473
0.283135
0.363766
0.452259
0.591569
2.023449
0.311181
0.992567
1.401705
0.048255
0.301187
0.114032
1.669625
0.191240
0.283011
0.085095
0.443304
0.139894
0.922457
1.945104
0.507242
0.189505
0.244878
0.089273
0.177299
0.294811
0.290994
0.305002
0.133526
0.031507
0.810414
0.098790
0.340046
0.192218
0.744825
0.103582
0.179545
0.135821
0.025516
0.137933
0.200144
0.348820
0.294405
0.174360
0.857604
1.048734
0.299742
0.262143
0.064650
0.173267
0.245169
0.710858
0.468663
0.745395
1.276900
1.186884
0.124403
0.225829
0.225903
0.303150
0.276256
0.090634
0.502452
1.250076
0.331748
0.262520
0.055489
0.772391
0.519712
0.084087
0.014059
1.869338
0.535063
0.320031
0.157783
0.324190
0.215371
0.639219
1.081979
0.318632
0.007249
0.159216
0.130659
0.487385
0.024341
0.082542
0.377077
0.155840
0.362428
1.117995
0.640822
1.407569
0.030354
0.220292
0.976073
0.392471
0.723678
1.649397
0.200609
0.264792
0.062705
0.221757
0.244993
0.745605
0.888817
0.536455
0.145181
0.099796
0.238628
0.073750
0.528062
0.250364
0.263689
1.069223
0.008386
0.305661
0.017472
0.395074
0.645767
0.399194
0.289317
0.296715
0.336721
0.344814
0.814593
0.213917
0.021501
0.420498
0.186368
0.233075
1.952778
0.280199
0.656167
0.228828
0.114027
0.412507
0.012774
0.304335
0.678770
0.259379
0.449550
0.251186
0.801358
0.001459
0.162220
0.844463
0.308353
0.186554
0.224321
0.102549
0.987918
0.806826
0.501201
0.216473
0.177680
0.287161
0.601128
0.208645
0.002825
0.005347
0.625456
2.116931
0.289602
0.294002
0.217503
0.515815
0.003178
0.237378
0.052403
0.691239
0.763245
0.589745
0.077713
0.435365
0.594507
0.273243
0.252618
0.084659
0.659182
0.709701
0.208661
0.450432
0.409335
1.828566
1.451904
0.976179
0.264756
0.517355
0.111091
0.269562
0.532553
1.220849
0.257287
0.049890
0.221235
0.703215
0.670734
0.226191
0.071327
0.910199
0.059917
1.236388
0.378153
0.148451
0.343586
0.128144
0.566450
1.120463
0.240504
0.264095
0.527462
0.641925
0.002060
0.118345
0.597382
1.490885
0.035654
0.057331
0.450661
0.156025
0.372297
0.143359
0.099861
1.310829
0.210981
0.386739
0.573326
0.043203
1.163867
0.844370
1.268001
0.007768
0.656331
0.300212
0.158933
0.129321
0.565830
1.499890
0.064793
0.030588
0.223559
0.742113
0.762489
0.226783
2.070272
0.326577
0.188394
0.027181
0.443282
1.192477
0.193542
0.059957
0.085503
0.348585
0.020579
0.347999
0.020725
0.641189
0.438778
1.433101
0.385956
0.351619
1.591055
0.156513
1.566816
0.131203
0.343254
0.502483
0.099838
0.481443
0.590920
0.389936
0.248406
0.322807
1.183174
0.235497
1.553429
0.124305
0.279771
0.391743
0.068496
0.692137
0.533838
0.167880
0.144843
0.596212
0.772362
0.172729
0.271621
0.231678
0.134063
1.573390
1.043137
0.107644
0.127949
0.892765
0.276252
0.640874
0.313900
0.465064
0.208257
0.086892
0.079517
0.658743
0.504177
0.027339
0.057039
0.446335
0.159638
0.384303
0.071721
0.256538
0.168321
0.779902
0.580065
0.385378
0.333095
0.320452
0.884338
1.179453
0.928998
0.033407
0.992015
0.636244
0.149420
0.046203
0.401657
0.574135
0.832244
0.009282
0.170058
0.082067
0.097955
0.285769
1.075206
0.838577
0.335256
2.376555
0.258367
0.717488
0.375087
0.385191
0.089102
0.839799
0.197995
0.947836
0.216075
0.839191
0.195017
0.099426
0.634345
0.091350
0.140492
0.435284
1.089512
0.349866
0.553651
0.289023
0.102957
0.327216
0.305691
0.321616
0.499340
0.504358
1.202600
0.362008
0.297473
0.254003
0.353191
0.955078
0.087287
0.017446
0.246416
0.195347
0.941413
0.629554
0.095094
0.110778
0.376891
0.342750
0.238259
0.142654
0.544050
0.489107
0.884521
0.399245
0.068082
0.345629
2.254837
0.187999
1.939241
0.295654
0.775125
0.472027
0.042621
0.597932
0.067424
0.377637
0.050387
0.500823
0.240683
0.147890
0.549829
0.737382
0.433109
0.361654
0.333993
0.698489
0.625156
0.008409
0.143054
0.048609
0.153870
1.214997
0.630555
0.049577
0.309906
0.928823
0.450026
0.299785
0.085606
0.425216
1.138213
1.451682
0.101500
1.933040
0.514616
0.185440
0.355837
0.670818
1.428846
1.109300
2.613553
0.470309
0.542955
0.426766
0.066463
0.081063
0.197819
0.910245
0.090966
0.428502
1.334628
0.282145
0.334257
0.521149
0.372887
1.492744
0.337965
0.063397
0.255778
0.523020
0.588592
0.176759
0.450499
1.042034
0.162067
0.134957
0.102560
0.770948
1.847189
0.068511
0.565460
1.749428
0.669063
0.207507
0.392478
0.990732
0.336021
1.022459
0.602297
0.533088
0.295455
0.498320
0.045462
1.356841
0.163031
0.474079
1.073616
0.733875
0.657696
0.166780
0.270841
0.275377
0.435441
0.006070
0.177668
0.976897
0.142922
0.331321
0.516819
0.126645
0.474100
0.193974
0.107542
0.215565
0.541206
0.668535
0.119356
0.081587
0.468241
1.218313
0.820553
0.027848
0.392004
1.118151
2.206467
0.862050
0.352299
1.024256
0.447293
0.135461
0.084034
0.004750
0.540596
0.666134
0.010878
1.607834
0.451177
0.157452
0.293839
0.136348
0.340509
0.029316
0.410750
0.581455
0.261426
0.125162
0.276528
0.483175
0.232614
0.016678
0.379724
0.098155
0.045498
0.039252
0.037033
0.038905
1.137333
0.430290
1.458764
0.335098
0.842099
0.053034
0.344425
0.322384
0.906262
0.366325
0.285542
0.282065
0.779153
1.057936
0.554059
0.166623
1.377715
0.130714
1.767327
0.210485
0.300285
0.251794
1.650055
0.867243
0.279700
0.341792
0.000877
0.362244
0.422797
0.037977
0.446149
0.315431
0.525232
0.384173
1.564735
0.312400
0.506479
0.302665
1.405437
0.320861
1.814775
0.234950
1.175677
0.719804
0.146788
0.427340
0.023748
0.105870
0.816429
0.008683
0.382231
0.147945
0.266245
0.344116
0.041495
0.920394
2.462166
0.042448
0.220600
0.414404
0.083933
1.468944
0.015899
0.816758
0.330091
2.193273
0.156938
0.063973
0.291395
0.117379
0.450349
0.268186
0.438742
0.345050
0.098076
0.911870
0.037930
0.127123
0.014923
1.050575
0.138349
0.414850
0.071828
0.531490
0.031660
0.120052
0.342473
0.027803
0.174669
0.957364
0.480539
0.298354
0.803821
0.523223
0.146607
0.166258
0.505813
0.370673
0.257904
0.040624
0.659813
2.856421
0.339788
0.190584
0.341768
0.556276
0.084515
0.419926
1.130627
0.102235
0.295214
0.073958
0.690635
0.433423
0.785280
0.830621
0.787951
0.169807
0.998234
0.046071
0.075744
0.328605
0.385451
1.408483
0.069931
0.784008
0.126219
0.728132
0.189218
0.491855
0.931937
0.024508
0.487457
0.206319
0.226885
0.062751
0.004712
0.367284
0.579454
1.177778
0.610743
0.070829
0.021796
0.302521
0.622061
0.900078
0.153294
0.351584
0.065442
0.068616
0.449483
0.152756
0.470724
0.069869
0.113743
0.674420
1.275235
0.278053
0.353982
0.135264
0.027038
0.217150
0.167637
0.562605
0.586205
0.524381
0.788393
0.601585
0.093114
0.326515
0.464331
1.040219
0.472879
0.521457
0.199548
0.195353
0.329180
0.449618
0.881312
0.464411
0.638902
0.273586
1.013367
0.201201
0.401291
0.037201
0.037226
0.321022
0.344840
0.432681
0.620333
0.400259
1.339612
2.720634
0.128298
0.486118
0.518234
0.009939
0.193952
0.844270
0.345789
1.304836
0.586133
0.058734
0.426676
0.009800
0.284803
0.028982
0.474057
0.152351
0.541316
0.203143
0.576122
0.377013
0.547065
0.134530
0.459689
0.667642
0.618398
0.052400
0.189911
0.272791
0.525483
0.142111
0.269065
1.046649
1.016909
0.031713
1.133618
0.105785
1.046433
0.251774
0.062288
0.418512
0.353063
0.587441
0.441442
1.412561
0.688093
0.110910
0.113674
0.262764
0.380521
1.092086
1.392646
0.110317
0.065813
0.387745
1.365963
0.894936
0.509464
0.144457
0.146189
0.170836
0.344901
0.553839
0.090844
0.229029
0.656765
0.032291
0.408424
0.467989
0.306390
0.562438
0.096065
1.670583
0.228209
0.716090
1.178536
0.060469
1.611346
0.057514
0.369772
0.339596
2.771851
0.308981
0.587147
0.063587
0.000240
0.491574
1.522860
0.510128
1.046942
0.115305
1.321943
0.235095
1.042233
0.049940
0.678575
0.466665
0.085746
0.178898
0.120753
0.478232
1.866756
0.246621
0.434173
0.209688
0.081594
0.332433
0.304821
0.058672
0.451092
1.934561
0.462784
0.446293
0.289982
0.174535
0.618635
0.290410
1.266156
0.542743
0.041722
0.798057
1.013288
0.004507
0.094633
0.680978
0.054923
1.232793
0.215852
0.151649
0.121562
0.416381
1.049298
0.106545
1.545127
0.305992
0.382278
0.055509
1.435737
2.350498
0.121544
0.385772
1.753898
0.855988
0.068544
0.263916
0.060602
0.909866
0.950827
0.017644
0.346767
1.334920
0.891865
0.229755
1.404296
0.002217
0.059531
0.022361
1.259531
0.310735
0.182180
0.072681
0.014199
0.100893
0.198158
2.023032
0.511460
0.989041
0.045831
0.438344
0.957233
0.180761
0.064794
0.864721
0.065553
0.143607
0.132461
0.135264
0.045827
0.043549
0.158518
0.443090
0.007126
0.054731
1.563830
1.538040
0.057205
0.035441
3.015660
0.013980
0.378867
0.180453
0.088884
0.409664
0.332461
0.336741
0.390204
0.067419
0.216728
0.496273
0.618908
0.114276
1.349685
0.890486
0.013650
0.028617
0.042330
0.150327
0.173115
0.092415
0.210096
0.415453
0.706374
0.220984
0.551356
0.623626
0.186322
0.748364
0.759648
0.184582
0.814087
0.187279
0.472916
1.699237
1.026611
0.051199
0.304997
0.266758
0.126461
0.826124
0.021886
1.354939
0.006389
1.856188
0.724044
0.020217
0.015853
0.935906
0.177834
0.195677
0.007511
0.514134
1.095540
0.737970
3.916735
0.406229
0.330963
0.186035
0.202013
0.154131
0.482979
0.073141
0.431000
0.131348
0.054161
0.298340
0.199012
0.409703
0.993243
0.401287
0.229186
1.180382
0.332067
0.239328
1.065294
0.144016
0.272374
1.217719
0.050694
0.635247
0.134790
0.059013
0.224458
0.066482
1.071777
0.224148
0.570871
0.228568
0.557338
0.006599
0.500083
0.172204
0.080787
0.117776
0.369475
0.145080
0.538271
0.951030
0.833436
0.369126
0.257555
0.098525
0.279049
1.093943
0.409622
0.184761
0.074313
1.937559
0.125114
0.133630
0.599584
0.305946
0.212211
0.031063
0.436351
0.129784
0.273676
0.152527
0.452577
0.049082
0.161501
0.129192
0.242952
0.276886
0.287742
1.188887
0.565174
0.050903
0.709372
0.334952
0.482277
0.087503
0.549947
0.023835
0.024802
0.128304
0.219630
0.103206
0.115070
0.430030
0.273250
1.172394
0.017575
0.728101
1.667260
0.479493
2.701249
0.243790
1.058616
0.447038
0.326375
0.084602
0.853847
0.998457
0.434806
0.148048
0.738087
0.149179
0.217766
0.376950
0.685619
1.786471
0.585623
0.266622
0.009325
0.670495
0.510312
0.234174
1.294571
0.932835
1.506218
0.212281
0.691829
2.112269
0.059856
0.625372
0.460761
0.057323
0.052457
0.328622
0.600876
0.432543
0.507207
0.364957
0.292803
0.123124
0.744349
0.120858
0.323357
0.068147
0.681666
0.125799
0.052314
0.284768
0.504950
0.062678
0.094749
0.161050
0.338423
0.051316
0.064248
0.292246
0.293030
1.019812
0.279289
0.406312
0.438091
0.015263
0.546254
0.574786
0.358503
0.226246
0.152050
0.080773
1.068571
0.611144
0.228994
0.534054
1.263898
0.927926
0.765672
0.545855
0.034206
1.073199
0.051887
0.605110
0.000457
0.158175
1.891435
0.339322
0.230016
0.051473
1.369046
0.836246
1.717078
0.225716
0.229852
0.400787
0.249902
0.016859
0.133682
1.177667
0.253013
0.343403
0.027921
0.163643
0.112988
0.273880
1.370268
0.065298
0.154239
0.635091
0.772731
0.201405
0.461048
1.082966
0.017000
0.462197
0.085129
0.005364
0.050421
0.372525
0.057423
0.015864
0.205876
0.039653
0.250863
0.612156
0.493922
0.775268
0.671991
0.991076
0.590460
0.073270
0.222399
0.687807
0.268440
0.411981
0.092606
0.216081
0.575593
0.285030
0.036347
0.317935
0.726363
0.558027
0.219937
0.803463
0.161246
0.359166
0.830808
0.232276
0.019227
1.254584
0.257763
0.235190
2.640012
0.798085
0.042384
0.487131
0.439973
0.858708
0.331558
0.163002
1.570720
0.928320
0.012922
0.232775
0.259692
0.108199
0.642061
0.046525
0.495903
0.788053
0.409783
0.251397
0.313354
1.234079
0.108245
0.676063
0.279041
0.002419
0.059895
0.313136
1.285175
0.362532
0.918338
1.252957
0.187736
1.275070
0.389274
1.142518
0.678173
0.013010
0.097052
0.600620
1.018148
0.112787
0.037033
0.160518
0.252527
0.791145
0.225849
0.012977
0.443023
1.280880
0.273039
0.027423
0.910358
0.477830
0.791591
0.154476
0.484146
1.190664
0.656899
0.392369
0.275198
0.424149
0.310097
0.666498
0.340398
0.001546
0.503304
0.134715
0.014598
0.832929
1.369499
1.142676
0.006499
0.003389
0.094893
0.263343
0.807857
0.384278
0.285519
0.246303
0.307306
0.968431
0.292001
0.176370
0.318654
0.135260
0.413938
0.048011
0.078087
0.174231
0.504362
0.419512
1.005268
0.051280
0.181333
0.223041
0.052993
1.396196
0.453238
0.069250
0.692542
0.379024
0.013993
0.719027
0.386284
0.111861
0.094402
0.207323
0.667384
0.467116
0.651702
0.109034
0.310839
0.093606
0.339789
1.360902
0.261912
0.028917
0.013069
0.401857
0.215714
0.541049
0.064033
0.121994
0.710633
0.276160
0.429450
0.980049
0.225581
0.094629
2.232349
0.059848
0.608438
0.008111
1.041404
0.138549
0.122026
0.024318
0.435475
1.532360
0.531503
0.185416
0.080826
0.062522
0.327513
0.514215
0.026587
1.096058
0.599701
0.040380
0.290496
0.025144
0.671046
0.411471
0.154316
0.343874
2.108210
0.922328
0.220377
0.214132
0.007225
0.211515
0.309178
0.633266
0.223949
0.205181
1.612110
0.430881
0.242305
0.390071
0.378487
0.019707
0.953582
0.569997
0.084913
0.201786
0.194755
0.116581
0.124481
0.010733
0.168128
0.540947
0.036437
0.012280
0.125456
0.204609
0.368606
0.116066
0.097856
1.051880
0.405424
0.106657
0.126121
0.008415
1.205591
0.438504
0.217921
1.022052
0.088104
0.668451
0.265653
0.589597
0.748028
0.153033
0.233128
1.345423
0.452839
0.594155
0.075499
0.846744
0.630275
0.277311
0.324250
0.772726
0.298893
0.600455
0.065405
1.779381
1.183495
0.178599
0.946992
0.309722
0.339094
0.037616
0.325471
0.257714
0.534206
0.891078
0.159593
0.851884
0.420901
0.578262
0.357162
0.211602
1.488794
1.073346
0.162333
0.393528
0.431842
0.270112
0.223879
0.174705
0.926049
0.910421
0.042605
0.173408
0.385220
0.114264
0.153663
0.292979
0.351258
0.060586
1.177909
2.926212
0.103261
0.241953
0.255315
0.925875
0.121262
0.559115
0.540939
0.767214
0.222023
0.094080
0.069330
0.183831
0.028099
0.261034
0.956848
0.501255
0.868891
0.120022
1.315122
0.550080
0.026446
0.004833
1.612525
0.444225
0.120345
0.127340
0.016331
0.633950
0.206967
1.384848
0.628871
0.372796
0.193529
0.061416
0.229895
0.384262
0.777307
0.015037
0.193364
0.079670
0.112288
0.299100
0.303432
0.147718
0.972133
0.183657
1.098374
0.571278
0.367834
0.848521
0.213993
0.424704
0.875485
0.184393
0.087795
0.020573
0.380994
0.107324
0.711247
1.028712
0.069914
0.321791
0.253553
0.300230
0.446019
0.726961
2.200861
0.238139
0.794753
0.184423
0.373488
2.924655
0.710790
1.985501
0.145786
0.478004
0.170228
0.076428
0.175896
0.828707
1.591300
0.517471
0.240391
0.768366
1.530716
0.391251
0.872134
0.333196
0.665738
0.438673
0.222097
1.006474
0.030251
0.706161
0.191251
0.523325
0.369879
0.182347
0.014095
0.191909
0.476034
0.403718
0.189798
0.233186
0.383016
0.420561
2.224152
0.867783
0.619836
0.167649
0.501290
0.552884
1.326980
0.007439
0.302532
1.071968
0.407666
0.163688
0.230422
0.173660
0.994991
0.650808
0.087074
1.275587
0.331145
0.324731
0.423030
0.003564
0.764538
0.456517
0.197149
0.253187
0.082847
0.513205
0.734944
0.582121
0.118167
0.710133
0.358249
1.269180
0.022094
0.078098
0.445857
1.803244
0.086806
0.022503
0.967793
0.630952
0.195186
0.127388
0.005180
0.103203
1.526871
0.093245
0.057429
0.287370
0.521788
0.568788
0.293720
0.282000
0.162934
0.735051
0.881275
0.281757
0.265350
0.456202
0.063142
0.486815
0.220644
0.497365
0.391858
0.255427
0.745351
0.071555
0.233301
1.360288
0.097612
0.129729
0.526411
0.347119
0.302056
0.541402
0.580843
0.260655
0.890375
0.793715
0.927054
0.326286
0.322135
0.169599
1.206009
0.699293
0.029746
0.671157
0.101578
0.317028
0.205642
0.180116
0.048175
0.592075
1.349017
0.504133
0.049364
0.614556
0.731568
0.314505
0.513068
1.457915
0.594397
0.173122
0.295644
0.080585
1.539718
0.071605
0.404964
0.769730
1.322379
0.254179
0.153805
0.258700
0.579462
0.096285
0.085386
0.681158
1.226257
0.208391
0.120079
0.144591
0.515460
0.182174
1.451285
0.428991
1.410890
0.019957
0.166641
0.617201
0.352620
1.295417
0.531862
0.112461
0.122760
0.053357
0.215602
0.094200
0.133708
1.178961
1.575844
0.089338
0.181132
0.125526
0.419151
2.306459
0.253070
0.644660
0.662148
0.186333
0.033806
1.473535
0.413030
0.616698
0.145750
0.353976
0.167514
0.107438
0.395354
0.419796
1.163179
0.026957
0.339776
0.407297
0.146453
0.620419
0.537057
0.463399
1.070979
1.117676
0.356230
0.915652
0.029169
0.839569
0.031903
0.489382
0.813654
0.307164
0.214443
0.385611
0.735057
0.267340
0.331852
0.201981
0.065534
0.669547
0.915284
0.261723
1.338820
0.244005
1.857359
0.896753
0.288696
0.316302
0.247809
0.589717
0.099013
0.025228
0.176006
0.032124
1.425819
0.820702
1.161511
3.415140
0.483473
1.659854
0.487946
0.275216
0.274811
1.786178
1.620200
0.107174
0.243924
0.295215
0.372497
0.355550
0.101565
0.227018
1.240979
0.061142
0.695340
1.113082
1.485293
0.105196
0.223810
0.207403
1.069728
0.388812
0.246114
0.098622
0.461571
0.200976
2.109992
0.351351
0.200169
0.464509
0.316111
1.529345
0.014384
1.110148
1.294876
2.264550
0.044064
0.186268
0.285571
0.470316
0.857154
0.482410
1.835700
0.666533
0.662225
0.646681
0.494956
0.574076
1.234836
2.266069
0.011281
0.798924
0.377241
0.264704
1.879170
0.071057
0.677464
1.634805
0.506995
0.037330
0.418552
0.055925
0.012655
0.452422
2.947256
1.497397
0.439262
0.042562
0.151207
0.009961
0.587563
0.042169
0.508986
0.547977
0.849715
0.233184
0.248324
0.294937
0.028551
0.183233
0.285328
0.040503
0.055180
1.670399
0.335554
0.042325
0.051054
0.131262
0.022052
0.662695
0.180365
0.471037
0.916675
0.198618
0.115069
0.908134
0.162711
0.780755
1.256466
0.386904
0.830118
0.471048
0.483301
0.297629
0.161460
0.287095
0.861033
0.550410
1.070410
1.046993
1.829106
0.190840
1.546303
0.040990
0.165558
0.293021
0.087103
0.238169
0.560992
0.113463
0.060094
1.890510
0.838865
1.532756
0.181940
0.009479
0.782085
0.437099
0.827637
0.618434
0.064798
0.482303
0.192756
0.675805
0.034914
0.453005
0.098017
1.097983
0.152766
0.031181
0.725265
0.135570
0.237202
0.636787
0.190045
0.538850
0.089351
0.323204
0.019666
0.910117
0.568307
0.082329
0.844275
0.338931
0.055570
0.064052
0.357776
1.131320
0.607083
0.192860
0.465236
0.870322
1.397664
1.298683
0.417090
0.003186
0.368442
0.680871
1.127372
0.767782
0.815441
0.540367
0.011202
0.100439
0.239683
0.206513
0.921346
0.393145
0.842164
1.060876
0.241023
0.340142
0.016259
0.110132
2.128183
0.073775
0.191313
0.343488
0.016833
0.010599
0.848980
0.509076
0.933999
0.704983
0.415365
0.264951
0.718161
0.044780
0.084282
0.535448
1.021389
1.601575
0.191328
1.115073
0.076199
0.599951
0.131230
2.036188
0.139358
0.023165
0.994405
0.491384
0.386962
1.127548
0.866990
0.371828
0.016426
0.076198
0.010883
0.033831
0.088563
0.911547
0.608970
0.003963
0.451099
0.156281
0.271701
0.220434
0.218552
0.427073
0.006959
0.127077
0.381484
0.201564
0.062167
0.562078
0.015513
0.213670
0.536526
0.159962
0.249639
0.368213
1.148904
1.342888
0.269197
0.641762
0.304825
0.297676
0.998628
0.325034
0.360830
0.013490
0.190238
0.123088
0.017562
1.208368
0.333395
0.302334
0.155516
0.918616
0.014250
0.165039
0.033696
0.412561
0.474543
0.100499
0.135178
0.515649
0.377345
1.126554
1.245972
1.281164
0.269018
0.848513
0.964500
0.893150
0.387953
0.186377
0.164984
0.258762
0.778316
0.792635
0.281608
0.055812
0.006707
0.312874
0.008272
0.346543
1.255933
0.166840
0.208297
1.468558
0.416031
0.260339
0.355452
0.097858
0.443328
0.684603
0.860773
0.062675
0.511686
0.670587
0.020769
0.029199
0.405103
1.128777
1.099771
0.049881
0.115688
0.093285
0.345528
2.726217
1.680603
1.326627
0.053422
1.922892
0.251030
0.062635
0.325619
0.188148
0.256629
0.855492
0.150946
1.695234
0.127572
0.733496
0.077779
0.838760
0.361879
1.680110
1.336646
0.084619
0.608249
1.781789
0.119394
0.149856
1.008917
0.053550
0.218412
0.038233
0.158564
0.958211
0.035925
0.135294
0.762654
0.093565
0.121482
0.097499
0.170123
0.592575
0.337421
0.585370
0.360374
0.695846
0.533803
0.671247
0.367743
0.805298
0.401447
0.018229
0.725158
0.329803
0.106283
0.316721
0.303125
0.258682
0.651355
0.194057
0.352078
0.042845
0.251496
0.750822
1.366592
0.312381
0.007204
0.631921
0.504305
0.130686
1.124982
1.286404
1.290520
0.243360
0.475366
0.288053
0.073500
0.157158
0.097231
0.535645
0.036255
0.652252
0.590836
0.902260
0.118899
1.080228
0.181695
0.548676
0.170287
0.016721
2.207725
0.790210
0.061090
0.241598
0.423555
0.025646
0.941288
0.440526
0.729287
0.329931
0.845483
0.542398
0.261075
0.673466
0.024275
0.010253
0.097934
0.101730
0.171252
0.218945
0.921096
0.223106
0.043485
0.382606
0.108704
0.174732
0.271926
0.346656
1.624417
0.615724
0.380684
1.488862
0.348820
0.522038
0.201946
0.038219
0.598633
0.099278
0.538293
0.313131
0.544078
0.322085
0.068164
0.036242
0.120950
0.096085
0.047275
0.249403
0.222308
0.239201
0.687872
0.111859
0.673881
0.887878
0.664437
1.371144
0.067097
0.084042
0.286049
0.045378
0.993331
1.730999
0.018255
0.227135
0.479359
0.229539
0.288731
0.188875
0.397280
0.051527
0.757090
0.118737
0.425280
1.190027
0.165157
0.774852
0.042936
0.232225
0.099491
0.290997
0.696652
1.314040
0.513160
0.338563
0.710293
0.236526
0.278873
1.077113
0.379237
0.994481
1.766226
0.250823
0.891287
0.003320
0.712635
0.297477
0.234804
0.110470
0.719867
1.281797
0.175600
0.391559
0.072141
1.016209
0.299351
0.268634
0.534533
0.380459
0.773649
0.907327
1.824435
0.387096
0.723848
0.478109
0.015668
0.370451
2.450337
0.306569
0.261553
0.371356
0.193946
0.237480
1.254466
0.083210
0.242830
0.566915
0.460302
0.712436
1.045501
0.226853
0.573534
0.094730
1.191634
0.848559
0.021233
0.221760
0.132274
0.599073
1.108153
0.009910
0.383238
1.001123
0.408844
0.178510
0.327564
0.445066
0.867381
0.320451
0.024464
0.131255
2.968720
0.230434
0.469487
1.238506
0.369673
2.532018
0.450957
0.066363
0.699469
0.318047
0.335718
0.285973
0.515344
0.252734
0.145419
0.577297
0.703256
0.331611
0.241493
0.519218
0.351029
1.253050
0.357656
0.032528
0.123369
2.388911
0.528327
0.021565
0.312528
0.602208
0.159479
0.310069
0.035961
1.068814
0.237517
0.448207
1.042713
1.793955
0.629857
0.495624
0.292584
0.114889
0.033316
0.045086
0.460737
0.190502
0.737106
0.220861
0.808826
0.083679
0.001534
0.182693
0.037640
0.360798
0.230269
0.172071
0.352215
0.010836
0.202771
1.759636
0.639298
0.466311
0.283265
0.782636
0.335248
0.832068
0.241394
0.226507
0.763905
0.052238
2.493798
0.128077
0.181558
0.029684
0.187132
1.185231
0.234573
0.043458
0.153014
0.096853
0.135477
0.155098
0.329056
0.185433
0.758706
0.952672
0.459442
0.168668
1.030478
1.362253
0.148335
0.450997
0.389244
0.584334
0.243236
0.014944
0.346439
0.730827
0.250221
0.166239
1.010026
0.244626
0.355485
0.094278
0.293992
0.860287
0.040827
0.854681
1.173174
0.209307
2.661222
0.076360
0.469190
0.324365
0.300278
0.246706
0.199135
0.026980
0.563185
0.112315
2.169542
1.347831
0.793417
0.375232
0.486063
0.099614
0.407430
0.064819
1.485848
1.508332
0.259128
0.846777
0.206208
1.222505
2.210635
0.762791
0.662715
0.034348
0.460054
0.508876
0.262489
0.453967
0.757571
0.008660
0.038405
0.131798
0.260970
0.257462
0.167210
0.043009
0.462719
0.158177
0.007519
0.254638
0.802351
0.506191
0.433400
0.220299
0.709894
0.375907
0.183640
0.088772
0.211273
0.518292
0.039495
0.202187
0.279169
0.831058
0.254576
0.014903
0.297880
0.823639
0.491761
0.130085
0.870335
0.601892
0.308830
0.131481
0.054014
0.683330
0.188185
0.612155
0.008187
0.199178
0.055527
0.844489
1.679411
0.577298
0.094154
0.642697
0.119957
0.326028
1.086371
0.408142
0.066401
1.636222
1.106073
0.401707
0.739971
0.170914
0.435620
0.125004
0.050992
0.116330
0.299177
1.272666
1.190382
1.210009
0.082898
0.004984
0.533735
0.314085
0.629316
0.557926
0.792395
0.860372
0.334379
0.714044
0.352491
0.538372
0.330525
0.635033
0.074437
0.230880
0.162253
0.152370
0.201668
0.091751
0.843396
0.055054
0.305488
0.252468
0.196867
0.403870
0.463211
0.747500
0.322835
0.358261
0.580507
0.495063
0.368518
0.210001
0.049856
0.135529
0.007718
1.103236
0.030138
0.349556
0.525118
0.415489
0.088530
0.071841
0.166733
0.178762
0.350249
0.411263
0.414230
0.902651
0.651583
0.237541
1.405348
0.102596
0.744987
0.154149
0.672855
0.237933
0.020961
0.121248
1.104575
0.650768
0.928321
0.265239
0.036738
1.396038
0.523633
0.045049
0.881930
0.614814
0.444743
0.325775
0.158710
0.695962
0.474147
0.405447
0.026699
0.061797
0.061773
0.477615
1.516574
0.930712
2.513565
1.111301
0.015260
0.730647
0.085381
0.734193
0.079332
0.110344
2.101086
0.018811
1.301298
0.882580
0.297647
2.866048
0.729533
0.051406
0.043279
0.453374
0.818155
0.557449
0.038941
0.040214
0.275351
0.581617
0.500949
0.322610
0.814278
0.691226
0.047556
0.704523
0.450192
0.043963
0.521064
0.488611
0.956067
0.815519
0.249900
3.430901
0.001154
0.237717
0.018268
1.317112
0.116108
0.331287
1.295034
1.839904
0.436353
0.003967
0.423076
0.245090
0.569646
0.519037
0.312523
0.054578
0.202775
0.051338
0.432398
0.073773
0.937413
0.553712
1.116534
0.290092
0.700729
0.388370
0.032989
0.465699
0.211080
0.305504
0.464372
0.212842
0.902671
0.511976
0.160725
0.021875
0.066940
0.111502
0.008868
0.614620
0.116465
0.443993
0.049893
1.093497
0.133535
0.410186
2.364007
0.419400
0.535469
0.422006
0.610302
0.350520
0.136961
0.455340
1.442416
2.508200
0.074161
0.004009
0.457358
0.329101
0.312914
0.114279
0.882742
0.178883
0.932640
0.054795
0.210470
1.760861
0.180978
0.224043
0.566504
0.358186
1.494545
0.741195
0.254767
0.101699
0.202211
0.247461
0.696796
2.300121
1.614452
0.305108
0.340493
0.111577
0.028029
0.288142
0.107451
0.106821
0.295298
0.786913
0.561319
1.210598
2.916235
0.350062
0.119096
0.923265
0.467323
0.405425
0.837436
1.209345
1.242474
0.337265
0.274472
1.006217
0.152930
0.862047
0.025849
0.453354
0.119158
0.810255
0.441064
0.094640
0.149856
0.041680
0.232969
0.188063
0.364904
0.417164
0.352453
1.662130
0.222038
0.099485
1.040463
0.219759
0.575850
0.045583
0.110242
0.172074
0.514525
0.005296
0.112910
0.409722
0.347716
0.489853
0.277267
0.723345
0.295515
0.323175
0.223769
0.536897
0.163036
1.467781
0.888147
0.385247
0.013624
0.113569
0.950895
0.393595
0.732720
0.220451
0.355532
0.068258
0.384981
0.242306
0.330107
0.124789
0.318571
0.571484
0.358768
0.060436
0.588285
0.626205
0.559166
0.107096
0.206821
0.052034
1.578642
0.768574
0.427693
0.191553
0.292862
0.959097
0.154050
0.160125
0.247430
0.172682
0.324299
0.137905
0.906745
0.141345
0.455138
0.212167
0.234085
0.072256
0.654406
0.972850
0.219584
0.112233
0.386357
1.010488
0.189102
0.130622
0.435729
2.214973
0.274709
1.265506
0.045466
0.239157
0.611116
0.542062
0.599379
0.080510
0.361731
1.656454
0.274747
1.178381
0.147607
1.151192
0.079097
0.048555
0.079044
0.681099
0.288428
0.367067
1.053752
0.092080
0.236758
0.133212
0.230427
1.235106
0.053436
0.576268
0.078526
0.574456
0.557752
0.419727
0.462464
0.711834
1.480438
0.184713
0.273203
0.520160
0.305870
1.373678
0.471122
1.061597
0.919981
1.004495
0.757817
2.190719
1.590065
1.305621
0.657257
0.252719
0.295869
0.470618
0.416155
0.868145
0.928119
1.360659
0.672116
1.451127
0.481661
1.079675
0.494591
0.171687
0.301337
0.131696
0.025540
0.256147
0.388730
0.318166
0.024353
3.112690
0.261005
0.536160
1.053396
0.142410
0.370814
0.537502
0.134164
0.328969
0.440052
1.701667
1.055323
0.016208
0.429710
0.293311
0.968010
0.272651
0.237415
0.451913
0.227407
2.811455
0.326562
2.522048
0.169146
1.345867
0.127519
0.205347
0.202570
0.725235
0.824039
0.239546
0.721034
0.120561
0.019600
0.513519
0.310045
0.412886
0.178793
0.597748
0.022596
1.085331
0.545596
1.282143
1.249262
0.137729
0.228502
0.742542
0.541038
0.682916
0.229828
0.013451
0.675884
0.942208
0.010150
0.014318
0.757789
0.140656
0.227097
0.060201
0.005403
0.094746
0.340699
0.744294
0.244593
0.380212
0.269135
0.945166
0.049709
0.630943
0.395297
0.074727
0.461631
0.118246
0.031921
0.367581
0.300179
0.279894
0.174133
0.059670
0.095279
0.543226
0.074851
1.230902
0.357360
0.086660
1.431908
0.171943
0.259041
0.184077
0.259114
0.268145
0.327551
1.143927
0.104987
1.010531
0.281980
0.465242
0.630208
0.372941
0.194686
0.152508
0.546074
1.297116
0.320749
0.647957
0.295177
1.294341
0.084222
0.673456
0.019045
0.199138
0.257539
0.097041
0.139356
1.222170
0.204391
0.103015
0.114208
0.673305
0.340789
0.469053
0.084189
1.840305
0.353773
0.211072
0.923460
1.391891
1.497841
0.409062
0.311698
0.159081
0.861947
0.068704
0.110206
0.174868
0.964604
0.515965
0.124235
0.004903
0.241961
0.148787
0.206458
0.771323
0.284397
0.435569
0.600991
0.733391
0.729900
1.169666
0.355873
0.151837
0.358965
0.545588
0.135047
0.009789
0.004288
0.041131
1.580099
1.591464
0.507656
0.273626
0.131366
0.307483
0.399084
0.280064
0.702162
0.259247
0.037656
1.834034
0.267510
0.304573
0.131889
0.698426
0.138780
0.547781
0.203346
1.421692
0.285449
0.053719
0.933392
1.442944
0.226096
0.221287
0.468723
0.458720
0.236609
0.479745
0.568825
0.203675
0.428360
0.190732
0.705399
0.821237
0.749127
0.182568
0.134177
0.378520
0.619769
0.184019
0.352025
0.066666
0.722160
0.668328
1.049621
0.003242
0.257857
0.118876
1.480521
0.909793
0.188053
0.789005
0.761864
0.565419
0.081986
0.247538
0.162655
0.375643
0.003707
1.574734
0.993265
0.437137
0.160285
0.482321
0.246603
0.026039
1.293661
0.490012
0.435768
0.504287
1.348603
0.045572
0.713738
0.596516
0.869746
0.507416
0.607286
0.128943
0.945697
0.526912
0.033724
0.088732
0.294405
0.939723
0.915810
0.453476
0.135774
0.062522
0.066473
0.140643
0.038801
2.183734
0.880196
0.214571
0.465953
0.122539
0.255144
0.378551
0.922752
1.991447
0.090903
0.745074
0.035470
1.304034
0.318724
1.116864
0.414896
0.095897
0.064023
0.266364
0.874126
0.102536
0.428548
0.157996
0.016642
0.268459
1.009387
0.157723
0.380709
2.393898
0.362551
0.467818
1.931281
0.210605
1.568601
0.439959
0.411746
0.220240
0.061739
0.258052
0.205974
0.165919
0.097897
0.260541
0.117051
0.523740
0.177620
0.740478
0.867793
0.271659
0.102638
0.524376
0.463920
0.716034
1.266376
0.507130
0.097180
0.774976
1.192256
0.618308
0.755727
0.275469
0.190849
0.710229
0.729084
0.160030
0.210477
0.199077
0.497352
0.307852
0.657638
1.718023
0.677661
1.200752
0.234147
1.506494
0.408900
0.558783
0.642655
0.240877
0.048314
1.198522
0.016223
0.596516
0.554633
1.523365
0.203255
0.938128
0.673975
0.138467
0.406498
0.366608
0.547538
1.034828
0.162890
0.283542
0.079888
0.485922
0.716200
0.752161
0.042428
0.339488
0.684504
0.867191
0.257319
0.063673
0.744376
1.620570
0.786303
0.344360
0.210174
1.079689
0.261107
0.235088
0.435304
0.040059
0.198446
1.234509
1.287400
0.035116
0.085529
0.327255
0.442711
0.864992
0.218535
1.003080
0.147545
0.348316
0.333848
0.008472
0.163955
0.420205
0.356333
0.012768
0.248755
1.214914
0.078200
0.090943
1.031110
1.384535
0.545448
0.121680
0.862657
0.036758
0.447165
0.258075
0.080009
1.254880
0.191743
0.037202
2.153789
0.322889
0.401488
0.426651
0.177237
1.182660
0.289454
0.403711
0.261972
1.305927
0.422909
0.581402
0.341666
0.041941
0.623447
1.090296
2.440286
0.973811
0.027402
1.002115
0.791561
0.631884
0.042369
0.479273
0.776273
0.557927
0.009967
1.375721
0.447114
0.206436
0.003949
0.430914
0.841001
0.410347
0.082205
0.059649
0.313638
0.447137
0.548981
1.034845
0.364591
0.135409
0.411818
0.006424
0.191146
0.159945
1.150245
0.185612
0.070297
1.530070
0.096396
1.300663
0.555138
0.148256
0.390852
0.307005
1.322244
0.412894
0.251253
0.367021
1.153116
0.257798
0.051374
0.626516
1.644778
0.143342
0.876709
0.279907
0.917375
0.339887
0.180097
0.221617
0.655618
0.996178
0.231660
0.024709
0.073900
0.157766
0.221839
0.156366
0.126620
0.381436
0.108071
1.123337
0.780962
0.667333
0.217761
0.635103
0.177527
0.689284
0.136733
0.111090
0.081799
0.205421
1.224333
0.060319
0.441137
0.674327
0.390804
0.278004
0.133077
0.931489
0.767511
1.664797
0.616215
0.084421
0.006243
0.934796
0.277525
0.231603
0.060727
0.524447
1.173849
0.184625
0.392548
0.593196
0.023284
1.136502
0.267137
0.211076
0.517901
0.529455
0.392187
0.794756
2.306310
0.305494
1.201872
0.429286
0.110071
0.300696
0.001371
0.282179
0.176016
0.773908
0.251650
0.002586
1.429256
0.262020
0.951810
0.229910
0.753922
1.681079
0.009223
0.574465
0.160162
0.412999
0.237169
0.192528
0.307353
0.784168
0.545253
0.055052
0.294191
0.116312
1.152461
0.285331
0.546415
0.829983
0.005572
0.991446
0.151774
0.006959
0.173790
0.408843
0.807500
0.584097
0.414720
0.680811
0.050988
0.267797
0.059594
1.041972
0.239032
0.069997
0.408886
0.530809
0.590190
1.376696
1.818947
0.082460
0.650787
0.507567
0.148056
0.094777
0.932791
0.085115
0.467636
0.356601
1.696373
0.481957
0.232812
0.129508
0.500413
0.548099
0.772616
0.284169
0.219201
0.215733
0.097575
0.300632
0.724344
0.170997
0.198334
0.078408
0.272607
1.085904
0.802831
0.060023
0.863878
0.741261
0.154050
0.399492
0.264310
0.368502
0.641663
0.147706
0.566577
0.200542
0.725583
0.516929
1.488057
0.074227
1.030044
0.435460
0.814364
0.538369
0.007540
0.086436
0.004893
0.106755
0.471620
0.745517
0.328796
1.390947
1.262861
1.162340
0.868941
0.635133
0.007712
0.519829
0.338813
0.164575
0.109475
1.165289
0.809539
1.259902
0.086306
0.326870
0.143795
1.290087
0.066349
0.110910
0.032109
2.876648
0.757915
1.005033
0.533735
0.793205
0.012543
0.548100
2.194889
0.504491
0.290554
0.316967
0.426059
0.223707
0.232356
0.253414
0.041671
0.244687
0.022510
0.424483
0.550490
0.137653
0.322087
0.316849
0.087287
0.501796
1.490684
0.263914
0.407859
0.038196
0.469596
0.483631
0.036487
0.246681
0.332667
0.648222
0.102143
0.357361
0.249085
0.094593
0.078960
0.895121
0.513425
0.635718
0.107713
0.006822
0.062310
0.159941
0.255864
0.087885
0.935104
0.035209
0.256956
0.193429
0.385414
0.412807
1.542298
0.333396
1.790450
0.358649
0.410711
0.435188
0.070671
0.497895
1.763990
0.480783
0.220856
0.084450
0.068700
0.691997
0.198581
0.160420
0.436741
1.747338
2.560677
0.748738
2.042967
0.058941
0.025684
0.242038
0.158994
1.131585
0.300495
0.560794
0.122178
2.259562
0.134771
0.093794
0.322892
0.116863
0.574385
0.018302
0.779435
0.843110
0.549073
0.714105
0.283246
0.011930
1.236505
0.411475
0.741406
0.139489
0.901896
0.219645
0.119818
0.884096
0.070673
0.109251
1.411383
0.100375
0.433765
0.119730
0.040531
0.016129
1.091005
0.174534
0.010532
0.065885
0.313397
0.343178
0.201642
0.080479
0.380216
0.064772
1.654581
0.110976
1.067547
0.252042
0.125915
0.798349
1.571039
2.715947
0.020869
0.785430
0.216262
0.146492
0.485760
0.329801
0.299140
0.412827
0.546553
0.015361
0.745825
0.678735
0.032002
0.542627
0.019029
0.043238
0.770052
0.349624
0.433079
0.062509
0.527364
0.059376
0.136576
0.477472
0.186270
0.064366
0.005585
0.381401
1.251896
1.719671
0.376733
1.598380
0.713658
1.061796
0.119808
0.240262
0.225761
0.544302
1.437570
0.014286
0.591382
0.633972
0.736703
0.704408
0.239643
0.825651
0.911348
0.091010
0.186432
0.270511
0.166992
1.647806
0.377318
0.370076
0.431518
0.918913
0.516059
0.444858
0.234585
0.412738
0.407253
1.170387
0.368110
0.190769
0.766575
0.662411
0.599875
0.079783
0.253304
0.514062
0.096583
0.047723
0.223857
1.464138
0.937355
0.676793
0.702659
0.577609
1.193547
0.034114
0.054271
0.106621
0.014667
0.500756
0.627628
0.467008
0.320765
0.222164
0.109237
0.941913
1.267377
0.699990
0.696638
0.291517
0.036602
0.383812
0.096761
0.733359
0.575014
0.425968
0.265209
0.979592
0.545985
0.740421
0.818758
0.357743
0.361022
0.410773
0.109113
0.274389
0.492018
0.177563
0.476457
0.532262
1.341129
0.199777
0.151998
0.259685
0.582578
0.306606
0.145910
0.469326
0.118995
0.002424
0.025985
0.165906
0.389050
0.128474
0.026540
0.126862
0.804727
0.311193
0.043390
0.312229
0.134523
1.097576
1.854416
0.693413
0.297926
0.094100
0.094660
0.039039
0.317879
0.772908
0.655065
0.257130
0.061787
2.436571
0.822953
0.815763
0.299594
0.031076
0.266548
0.543141
0.033656
0.311677
1.449384
0.465473
0.586315
2.842755
0.885724
0.337115
0.308040
1.221122
1.549432
0.595090
0.808969
1.332449
0.295265
0.144241
0.053762
0.481750
0.197045
0.424796
0.259855
0.028773
1.833907
0.368602
0.024739
0.760782
0.197202
0.345590
0.922232
0.671872
0.088098
1.187507
0.113444
0.056280
0.359546
1.119517
0.054384
0.209822
0.242165
0.413915
0.147692
0.206842
0.149767
0.029582
0.156796
0.610057
0.184118
0.231913
0.195225
0.502225
1.437092
0.651997
0.585070
1.250552
0.143911
0.669609
0.601380
0.429039
0.135225
0.389925
0.189282
0.254173
0.297568
0.365058
0.351565
1.626197
0.265162
0.468281
0.181230
0.793533
0.093786
0.410254
0.072088
0.280943
0.480172
0.258294
0.072323
1.297043
0.744885
0.306170
0.409400
0.633125
0.103188
0.142986
0.505464
0.286863
2.158690
0.204552
0.006341
0.126563
1.048926
0.198568
0.486616
0.197109
0.935091
0.067971
0.169215
0.148859
0.664266
0.447203
0.027210
1.183106
0.081814
0.103653
0.204760
0.730898
0.446626
0.318102
0.591214
0.227265
1.319876
0.145515
0.043524
0.061137
0.347797
0.635565
0.401115
0.334605
0.028412
0.415370
0.621560
1.347966
1.112956
0.202976
0.149414
0.669582
0.308801
0.394196
2.693580
0.109015
0.073423
0.024800
0.053828
0.169498
0.134345
0.288211
0.028653
0.875205
1.197333
0.691474
0.106319
0.908286
0.000835
0.160735
1.523644
0.349473
2.592744
0.350776
2.343095
0.025459
0.035457
0.605827
2.013255
1.615590
0.018307
0.137532
0.599368
0.343301
0.770659
0.591839
0.589828
1.278577
0.677862
0.791589
0.117855
1.905166
0.132486
0.154409
0.815220
0.076325
0.007480
2.725397
1.931327
0.008327
0.157783
1.340463
0.366367
0.153961
0.286071
0.356864
0.188928
0.350734
0.119434
0.176081
0.312401
0.142798
0.385349
0.088999
0.683541
0.195198
0.972128
0.287919
0.140974
0.457079
0.132272
0.304106
0.430198
0.312947
0.638922
0.239956
0.466702
0.666302
0.236499
0.440673
0.698631
0.521342
0.364154
0.158819
1.218173
1.528381
0.762363
0.128861
0.305418
2.629556
0.371194
1.273829
0.139350
0.031648
0.044302
2.227691
0.242698
1.421063
0.277694
0.497441
0.389183
0.537342
0.044913
0.062696
0.066087
0.823237
0.345586
0.655777
0.392064
1.043252
0.190172
0.175637
0.370510
0.896829
0.420062
0.286255
0.772316
0.215901
0.543959
0.139667
0.211913
0.103578
0.090430
0.444211
0.142803
0.144001
0.430286
0.501180
0.106559
0.001618
0.152733
0.659847
0.542096
0.214722
0.950672
0.770042
0.085039
0.215117
0.363079
0.601792
0.127783
0.893715
2.772362
0.690943
0.548696
0.415555
0.102154
0.301534
1.233123
0.941514
0.596322
0.150931
0.017802
0.990360
0.946084
0.166632
0.059544
0.277855
1.240896
0.181353
0.280678
0.098998
0.018846
0.047920
0.376190
1.092950
1.047895
0.577841
0.135423
0.249830
0.243099
0.310682
0.128010
0.239932
0.118929
1.113426
1.455393
0.252482
0.211561
0.985434
0.140084
0.021237
0.064612
0.163781
1.169696
1.761321
0.413615
0.008006
0.252765
0.326145
0.192899
0.875441
0.537606
0.220871
1.249114
0.103839
0.140325
0.791877
1.030557
0.328865
0.104164
0.149020
1.448064
0.267160
0.509245
0.085067
0.182689
0.439049
0.402510
0.526437
0.294476
0.797927
0.589885
0.417718
0.039839
0.453497
0.384791
0.509893
0.473566
1.356085
0.063051
1.345897
0.713530
0.750854
0.170770
0.566223
1.673091
0.381819
0.319853
0.908444
0.008068
0.540306
0.050019
1.619151
0.038735
0.662238
0.062338
0.239510
0.191719
0.554541
0.016095
0.721066
0.314995
0.644270
0.200158
0.392620
0.193266
1.007521
0.101252
1.349590
0.805451
0.179620
1.001166
0.410808
0.041171
0.083798
0.135928
0.022407
0.582916
0.619952
1.065555
0.609278
0.231971
1.875208
0.546980
0.295065
0.619886
0.762388
0.875369
0.014733
0.301168
0.976072
0.786582
1.262061
0.436565
0.065341
0.311681
1.166258
2.263595
0.520896
0.902994
0.779091
1.487683
0.603101
0.215208
0.014207
0.965417
0.443119
0.037276
0.391875
0.177185
1.530239
0.142279
0.553701
1.326971
1.219577
0.061269
0.511071
0.593878
1.420927
0.553139
0.079828
0.804002
0.309785
0.034908
0.240691
0.438929
0.378892
0.167750
0.426091
0.098296
0.064319
0.225492
0.068165
0.861235
0.623717
0.084482
0.564044
0.178734
0.128933
0.124012
0.456822
0.099491
0.314909
0.156345
0.058302
0.239079
0.242134
0.693625
0.039074
0.196917
0.271890
0.125987
0.066907
1.065471
0.171365
0.353946
0.313307
0.861489
0.785921
0.019952
4.865289
1.221182
0.257180
0.068131
0.662921
0.061014
0.166233
0.264468
0.268441
0.356825
0.497703
0.007238
0.586531
0.051425
0.166267
0.806332
0.324866
0.549427
0.400236
0.402582
2.432070
1.758866
0.747432
0.062515
0.953949
0.034081
0.490211
0.190784
1.091771
0.269943
0.220284
1.091507
0.200411
0.710332
0.007397
0.033418
1.033058
0.176577
0.322578
0.170369
0.824292
0.055939
0.180576
0.344837
0.113817
0.440971
0.177555
0.571907
0.145690
0.947850
0.133537
0.140552
0.857733
0.005078
0.225163
0.556957
0.039520
2.188098
2.252137
1.653237
0.259271
0.211764
0.950743
0.663715
0.054748
1.002494
0.803452
1.886944
0.088887
0.160731
0.154482
1.762479
0.239630
0.420730
0.316315
0.438947
0.084174
0.729887
0.154447
0.261879
0.480511
0.346699
0.528869
0.287787
0.356910
0.007729
0.057900
0.441219
0.001385
0.051728
0.398790
0.261599
0.293091
0.255609
0.076704
0.396226
0.154333
1.421188
0.371488
0.279695
0.122072
0.780554
0.254572
0.454885
0.222375
1.011708
0.100279
0.360729
0.504625
0.296622
1.273390
0.145849
1.474356
0.427159
0.586600
0.306082
0.445513
0.804646
0.022525
0.448896
1.142647
0.450248
4.659116
0.209130
2.547102
0.076652
1.099451
0.150175
0.043784
0.266688
0.582191
0.178672
0.113749
0.045441
1.140667
0.413330
1.546903
0.041462
0.039764
0.446017
0.374379
3.136905
0.926344
0.321835
0.424949
0.381580
1.347533
0.088552
0.203068
1.875640
0.702920
0.132006
0.422153
0.702737
0.426475
0.415071
1.135930
0.310804
0.867087
1.974428
1.044942
0.358042
0.165080
0.041568
0.455916
0.098643
0.513983
0.402468
0.149622
0.634193
0.077195
0.770115
0.630853
2.143251
0.150760
0.170802
0.367043
0.107073
0.300446
0.961515
0.092732
0.115662
0.044893
0.672435
1.625520
0.538989
0.180800
0.976478
0.065417
0.067848
0.912769
3.422406
0.508374
0.063951
0.040990
0.134884
0.177698
0.638228
0.778723
0.407914
0.289632
1.346989
0.210336
0.085109
1.254409
0.462795
0.295196
0.288743
0.795975
1.139279
0.173029
1.687081
0.054955
0.237730
0.610694
0.033792
0.019432
0.004328
1.285213
0.087626
0.072808
0.718512
0.086992
0.743038
1.070349
0.136166
0.005118
0.100160
1.601682
0.803498
0.672113
0.254634
0.658197
0.043135
0.405497
0.525676
0.579749
0.000738
0.046731
0.329690
1.146528
0.240436
0.297630
0.001566
0.713886
0.083476
0.035468
0.800426
0.088594
2.412657
1.597463
0.176832
0.701908
0.063190
0.037163
0.506359
0.220898
0.042678
0.852703
0.190260
1.065689
0.407725
0.628615
0.474957
0.511123
0.158139
0.153100
0.197686
0.159151
0.217695
0.828784
0.094166
0.663530
0.149189
0.096057
0.341501
0.265293
0.139372
0.173487
0.426797
0.134098
0.145315
1.027891
2.282251
0.231754
1.437978
0.492224
0.651063
0.012891
0.294083
0.022782
1.186392
0.001109
0.713767
0.366990
0.514211
0.015871
0.765697
1.736880
0.181103
0.073528
0.753436
0.322675
1.025907
0.018528
0.525353
0.228168
0.297210
1.120162
0.538782
0.011243
0.068953
1.213979
1.123303
0.063010
0.166138
0.909710
0.682771
0.005408
0.995105
0.104999
0.028443
0.735083
0.106367
0.844780
0.171328
0.898060
0.937493
0.038378
0.812423
0.081556
0.118265
0.435487
0.491783
0.042853
0.480949
0.161713
0.297589
0.034113
0.093111
0.057207
0.046159
0.177430
0.010048
2.020724
0.269898
0.180202
0.858256
0.088303
0.187975
0.575440
0.216395
0.229957
0.302343
0.391462
0.101708
0.681038
0.236597
0.015593
0.851203
0.099255
0.099963
0.014402
0.716704
0.823137
0.058565
0.238485
0.043633
0.409430
0.294654
0.146165
0.550073
0.381221
0.401712
0.580893
0.362734
1.742384
2.286773
0.204895
0.070338
0.180515
0.010026
0.329405
0.556920
0.320853
0.012898
0.968158
0.122617
0.257464
1.087843
0.017935
0.436743
0.035038
0.032871
0.210806
1.039365
0.095675
0.642501
1.590772
0.660670
0.092346
0.119101
0.255746
0.605521
0.722307
0.045769
0.122961
0.661195
0.040145
0.403973
1.000247
0.239174
0.426751
0.213292
0.026647
0.024430
0.233190
1.191158
0.154054
0.746244
0.790263
0.178621
0.221345
0.989567
0.226297
0.604836
0.667272
0.386291
0.276741
0.594051
0.158318
0.450325
1.188422
0.557071
0.175352
0.556335
0.712053
0.360592
0.259447
0.905252
0.035238
0.157050
0.122070
0.513792
0.479623
0.156343
0.585294
2.280528
0.096904
1.550316
0.723525
1.758591
0.147438
0.065299
0.892277
0.483004
0.869020
0.420650
0.085739
0.143302
0.153297
0.280170
0.925387
0.093893
0.053119
0.074652
0.924251
0.983290
0.528518
0.142077
0.596177
0.637496
0.363769
1.221591
0.225254
0.071774
0.100224
0.026970
0.065778
0.221443
0.003760
1.094658
0.198850
0.152494
0.005246
0.087334
1.069673
0.899610
0.653031
0.020333
0.043740
2.492895
0.316341
1.306237
0.089786
0.421548
0.033786
0.003462
0.280787
0.632668
0.146682
0.067442
0.288502
0.737349
0.020046
0.807523
1.176272
0.124831
0.960809
0.014273
0.432270
0.987076
1.239362
1.186998
0.066188
1.305825
0.034759
0.003138
0.715978
0.795485
0.023602
0.931911
0.778987
0.361743
0.738259
1.537505
0.044178
0.906720
1.618406
0.361036
0.404575
0.121011
0.511434
2.494354
2.138378
0.569306
0.790678
1.108137
1.154664
0.521968
1.257448
0.326413
0.355711
0.901750
0.244140
0.501256
0.717459
0.302089
0.509855
0.370145
0.143674
0.578238
0.229390
0.019988
0.111790
0.075129
2.480743
0.167677
1.873718
1.536399
0.802648
0.378774
0.092364
0.289559
0.371558
0.084080
0.063544
0.191858
0.023424
0.010110
1.699730
1.674713
0.346018
0.322811
0.805154
1.084740
0.057541
0.412813
0.207182
0.689177
0.044450
0.444567
0.284063
0.301661
0.494666
0.502237
0.448885
0.485337
1.254668
0.420759
0.427693
0.632654
0.052752
0.680410
0.085664
0.489750
1.143016
0.162035
1.433895
1.442074
0.176069
1.202776
1.198410
0.795456
0.243431
0.617503
0.572889
0.340762
0.158182
0.010746
0.138643
0.220238
0.471126
0.562852
0.828472
0.136184
0.185053
0.256916
0.981624
0.129396
1.765876
0.285004
1.458130
0.036757
0.098025
0.054528
0.594341
0.039716
0.239114
0.508820
0.010335
0.564952
0.397410
1.325721
0.320464
1.357426
0.508910
0.084339
0.279256
1.202998
0.097085
0.554486
0.154687
0.772607
0.212078
0.039183
0.012741
0.532130
0.324254
1.080360
1.072934
0.297032
0.192271
0.882747
0.365734
0.343847
1.345725
0.120511
0.426219
0.187228
0.957737
0.450804
2.267490
0.256301
0.370680
0.310385
0.203872
0.088459
0.480760
0.719406
0.037349
0.790355
0.283603
0.206298
0.434829
0.753825
0.266744
0.465784
0.284216
1.106461
0.337479
0.190353
0.206653
0.830522
0.078630
0.973640
0.183598
0.040462
0.037100
1.064114
0.247208
1.290102
0.322213
0.238491
0.196748
3.275059
0.921995
0.539636
0.087607
0.307634
0.274911
0.132438
0.146297
0.968415
0.422881
0.899633
0.503122
2.074321
0.290485
0.035210
1.039055
1.340215
0.242756
0.120001
0.676480
0.377657
0.036669
0.025043
0.468085
0.076708
1.328231
3.094128
0.034390
0.259462
0.236839
0.248605
0.258262
0.123659
0.026664
0.415208
0.567552
0.322063
0.796858
1.346236
0.200776
0.229117
0.728072
1.678051
0.216789
0.116288
0.016844
0.128511
0.074817
0.270423
0.289929
1.062231
1.477124
0.357426
1.325040
0.405690
0.529160
0.980059
0.403384
0.635465
0.153261
1.336787
0.058944
0.550418
0.081320
0.089046
0.131683
0.882211
0.508075
0.014390
0.715648
1.732599
0.252066
0.375247
1.358008
0.688736
0.664726
1.705455
1.833222
1.037145
0.242850
0.267606
0.702957
0.202195
1.296404
0.576341
1.096290
0.431555
0.391941
0.291764
0.176613
0.823486
0.233459
0.262788
0.321964
0.370299
0.424223
0.612622
0.216844
0.117820
0.663417
0.059891
0.098414
0.070007
0.511874
0.059690
1.053669
0.235908
0.041430
0.958225
0.144165
0.312047
0.155528
0.002679
0.796952
0.106917
0.584873
0.577973
0.736294
0.132585
0.068090
0.035346
0.020563
0.346957
0.324121
0.361872
0.011918
0.025097
0.125117
0.235354
0.149804
1.562523
0.335035
0.287734
0.045356
0.069103
0.399353
1.678465
0.351813
0.496597
0.851955
0.704675
0.049281
0.044610
0.715731
1.106968
0.162777
0.299460
0.428977
0.024880
0.575246
0.607493
0.062098
0.643335
0.113870
0.450489
0.136481
0.128883
0.514707
0.308333
0.461487
1.159738
0.269205
0.047700
0.207178
0.349626
0.124277
1.100570
0.315745
0.646009
0.365873
0.168598
0.327908
0.474397
0.232279
0.138551
0.350109
0.524140
0.589831
0.041416
0.598668
0.235912
0.763421
0.843146
0.052651
2.150631
0.262651
0.206869
0.120191
0.026388
0.802435
0.847325
1.529674
0.121296
1.189344
0.172878
0.633726
0.068139
0.100226
0.103299
0.957589
0.602937
0.320167
0.202982
0.187974
0.930459
0.428644
0.848822
0.340541
0.156197
1.133510
0.106555
0.517035
0.568405
0.003375
0.682053
0.547720
0.268371
0.043442
1.057140
0.314389
1.069812
0.594733
0.272225
0.051409
0.461839
0.622666
0.846848
0.655305
1.121183
0.001409
0.437369
0.451148
0.322843
1.242623
1.191492
0.192955
0.339015
0.644785
0.841268
0.714999
0.485097
0.003025
0.259709
0.178444
0.006420
0.080980
1.687131
0.279403
0.132465
0.932283
1.126262
0.061107
0.388975
0.188953
0.119605
0.077507
0.013614
0.014669
1.035505
1.266963
0.016120
0.305296
0.361820
0.354052
0.233935
0.274732
0.878943
1.005142
0.079704
0.513177
0.492740
0.731246
0.521664
0.016196
0.035475
0.540109
0.100079
0.017424
0.046380
0.267336
1.057158
2.050801
0.376640
0.272309
0.177024
0.677265
0.414523
0.196536
0.736675
0.287661
0.140964
0.811184
1.124269
0.714995
0.185526
0.156064
0.101321
0.074008
0.072028
0.200822
0.755413
0.715439
0.052193
0.278428
0.786974
0.091730
0.045767
1.828156
0.112737
0.096827
0.245766
0.042314
0.086886
1.247428
0.347658
0.305941
0.538557
0.033400
0.763217
0.281293
0.348672
0.014387
0.132527
0.252538
0.778071
0.391348
0.546294
1.796443
0.570361
0.801762
0.180673
0.307801
0.410166
0.257405
1.088754
0.217310
0.421986
1.827661
0.197754
0.738904
0.081380
0.627585
0.958692
0.185326
0.500467
0.218549
0.729191
0.172576
0.271253
0.399341
0.640344
1.267918
0.431898
1.550434
0.190883
0.229032
0.344397
2.008626
0.207738
0.098147
0.758911
0.515341
0.507937
0.208156
0.023348
0.371790
0.590478
0.478066
0.345313
0.009936
0.245092
0.523402
0.663351
0.137544
1.592945
0.228732
0.451425
0.647398
0.537938
0.006693
0.161568
0.239950
1.359825
0.964014
0.204846
0.144807
0.125552
0.897773
0.132924
0.412805
0.006134
0.007179
0.114876
0.525065
0.219084
0.144436
0.096003
0.024489
1.006884
0.559565
0.034929
0.146516
0.194583
0.810055
0.341100
0.164973
0.092705
0.046652
0.003554
0.880821
0.054005
0.166484
0.117477
0.018583
0.074118
0.394320
0.169790
0.223011
0.238616
0.368420
1.274644
0.248539
0.383539
0.067985
0.021350
1.105523
0.237427
0.121993
1.392018
0.140214
1.103350
0.002851
0.345116
0.119329
0.824631
2.483520
0.339969
1.887106
0.042844
0.347009
0.818102
0.101978
0.765410
0.007392
0.124862
1.271781
0.410732
0.355569
0.165117
1.404323
0.015380
0.113518
0.201290
0.417266
0.200417
0.233572
0.304713
0.615951
0.445446
0.250890
1.526698
0.326624
0.255607
0.300140
0.588767
0.116623
0.293834
0.102476
0.102337
0.373799
0.578782
2.321384
0.620662
0.316865
0.002528
1.344002
0.247808
0.416500
0.290712
0.557446
0.351568
0.318563
1.040347
0.905097
0.018909
0.114955
0.117600
0.340065
1.224720
0.802967
1.094617
1.006676
0.163520
0.170001
0.191217
1.768641
0.342860
0.718119
0.084933
0.571846
0.170314
0.922489
0.556957
4.017524
0.186520
0.564700
1.341627
0.605611
0.138555
0.233052
0.234375
0.687181
0.928142
0.143423
0.437786
1.063729
0.303272
0.787431
0.234450
0.229770
0.448565
0.152114
0.133865
1.024776
0.399852
0.402249
0.922944
0.023971
0.189071
3.199591
0.651291
0.462595
0.917255
0.255329
0.462187
0.082243
0.039885
0.382730
0.961518
0.191877
1.189938
0.129420
0.033979
0.695524
0.324495
0.523594
0.499899
1.345557
0.291735
0.003188
0.178781
0.017453
0.156440
0.383404
1.179631
0.855185
0.046164
0.688420
1.005004
0.257970
0.685136
0.450927
0.003314
0.441272
2.564955
0.470580
0.669593
0.036691
0.078154
0.447973
0.246703
0.026776
0.856933
0.303628
0.813110
0.176383
0.055038
0.285796
0.130328
0.395131
0.291457
0.377590
0.434438
0.619616
0.033915
0.332851
0.377080
0.083485
0.133099
0.251765
0.406909
1.947939
2.292213
0.414417
0.417292
2.063639
0.095137
0.181121
0.028089
0.191342
1.130072
0.293570
0.231109
0.628505
1.147512
0.095243
0.006419
0.001740
0.469291
0.138674
0.398974
