0.324916
0.815218
0.736024
0.046301
0.196634
0.061319
0.299974
0.136833
0.555037
0.261252
0.074877
0.415485
0.116368
0.516582
0.552883
0.182441
0.192532
1.672351
0.123611
0.460322
0.471907
0.612574
0.712556
0.153160
0.797601
0.286971
0.125602
0.104078
0.112195
0.016907
0.301073
0.567945
0.908247
0.126100
0.729017
0.088701
0.206492
0.123248
0.257058
0.004416
0.490992
0.389408
0.425680
0.895090
0.102389
0.138674
0.074709
0.351362
0.115927
0.221446
0.056306
0.851317
0.033128
1.005038
0.042586
0.987509
0.180285
0.181047
0.025205
0.350306
0.205514
0.348102
0.100803
0.095845
0.644468
1.496756
0.205486
0.032410
0.092175
0.671552
0.037122
0.789425
0.164264
0.517426
0.492897
0.312921
1.089874
0.725466
1.752534
0.049285
0.065893
0.039770
1.213310
0.103869
1.427811
2.503629
0.025027
0.140652
0.176266
0.051561
0.690992
0.502732
0.457531
1.340480
0.826597
0.195740
1.065963
0.078653
0.244457
0.025513
1.079342
0.306488
0.927459
0.089886
0.054341
0.317809
0.496761
2.298319
0.134620
0.457752
0.043751
0.222762
0.563727
2.696027
0.396033
0.481984
2.244057
0.453064
0.996906
0.168332
0.591917
0.474336
1.262720
0.173649
0.392903
0.651970
0.480318
0.277249
1.036120
0.002033
0.322546
0.710691
0.310247
0.192037
1.283013
0.416556
0.778687
0.402475
0.405088
0.012839
0.082776
0.509442
0.242955
0.882221
0.503176
1.343794
0.296507
0.488031
0.375250
0.186377
1.198774
0.125364
1.287921
0.883152
0.361980
0.315704
0.407743
0.071082
1.121200
0.282529
0.073427
0.230369
0.105541
0.456774
0.582539
0.060210
0.089687
0.324482
0.548818
0.635460
0.349345
0.854396
0.221918
1.092965
0.521541
2.472344
0.856239
0.049896
0.478669
0.213435
0.260555
0.372374
0.421076
0.200276
0.218619
0.044082
0.800257
1.213838
0.122255
0.588834
0.210364
0.218084
0.031569
0.381488
1.522381
0.691724
0.520892
0.061988
0.128544
0.188087
0.904024
0.653675
0.071031
0.108118
0.479978
0.757213
0.103718
0.286947
1.039880
0.813345
0.766525
0.165072
0.199171
0.217968
0.472382
0.574032
0.287887
0.263339
0.451327
0.531587
0.053481
1.389818
0.004083
0.088742
0.319010
1.616051
1.214714
0.063257
0.040131
0.074606
0.283129
1.221792
1.012767
0.415959
0.056924
0.331957
0.211447
0.174737
1.274498
0.124161
0.051771
0.612026
0.347646
0.278372
0.030568
0.059561
0.058086
0.343618
0.368796
0.609012
0.082248
0.487988
0.513786
0.087064
0.770425
0.060399
0.064108
0.598191
0.132390
0.109988
0.904942
0.546780
0.058611
0.609380
0.130530
0.123090
0.105096
0.427383
0.359909
0.059060
0.791177
0.472758
0.850158
0.175191
0.019604
1.046485
0.262023
0.080159
0.233975
1.326894
0.956333
0.372635
0.402365
0.341043
0.577917
0.206693
0.468535
0.818769
0.018491
0.918955
0.001504
1.030342
0.352437
0.060302
0.430235
0.665135
0.201610
0.727517
0.185685
0.932147
1.051941
0.055310
0.304877
0.594365
0.255664
0.341564
0.424400
0.825603
0.515140
1.457422
0.669319
0.342002
0.318555
0.171660
2.294941
0.085030
0.496021
0.455741
1.634133
0.547541
0.288948
1.675216
0.386226
1.447952
0.040902
0.061173
0.570256
0.264140
1.067540
2.331208
0.147438
0.713106
0.050063
0.622209
0.303646
0.342171
0.115876
0.013813
0.181030
0.948395
1.806604
0.021223
0.211833
0.293688
0.201843
0.204137
0.458898
1.626317
1.353591
0.413373
0.492841
0.232765
0.374817
0.090124
0.190592
0.465711
0.164317
2.956024
0.008262
0.088284
2.205203
0.158565
1.273233
0.043393
2.056957
0.236458
0.432211
0.105678
0.258811
1.070511
0.020653
0.236684
1.288662
0.243735
0.861066
0.147971
0.638317
0.274019
0.122629
0.531093
2.081738
0.929953
0.013428
0.358625
0.004646
0.210376
0.062733
0.170783
0.208319
0.072110
0.300012
0.199187
0.260494
0.233280
0.265273
0.246922
0.692470
2.324149
0.434032
0.083456
1.031341
0.484715
0.378389
0.797054
0.003272
0.217040
0.027270
0.650147
0.743736
0.157751
0.240511
0.710450
0.061021
0.262418
0.157636
0.066274
0.696748
0.245776
0.266776
0.048550
0.369728
1.000071
0.273333
1.320387
0.135595
0.894404
0.191669
2.178717
0.866545
1.144609
0.075943
0.595611
0.366314
0.556973
0.339682
0.373145
0.012084
0.394984
0.146131
0.799583
0.848362
0.504306
0.406459
1.341240
0.022301
0.876794
0.028680
0.793390
0.121146
0.316711
1.094409
0.669323
0.203166
0.184862
0.549046
0.423661
0.076526
2.096884
0.408933
1.678752
1.075211
0.601223
0.541362
0.257852
0.232035
0.083848
1.321120
0.251395
0.602869
0.100584
0.107274
0.364124
0.850503
0.692212
0.297877
0.987084
0.429460
0.351193
0.534342
0.784036
1.821483
0.393170
0.376823
0.183894
0.960588
0.108982
1.056707
2.699704
0.099687
0.287951
1.617740
0.033242
0.073870
0.486413
0.314844
0.355274
0.748894
0.252124
1.170580
0.323996
0.431690
0.050949
2.570729
0.251897
0.936734
0.292598
0.148455
0.274775
1.474443
1.223393
0.120618
1.271866
0.306170
0.680697
0.130140
0.186609
1.402909
0.057335
0.183338
0.064087
0.394986
0.155731
0.102051
0.575195
1.101873
0.527580
0.106666
0.548287
0.024545
0.050406
0.077095
0.491976
0.107076
0.073695
0.011090
0.019986
0.433805
0.163436
0.309925
0.375015
0.106753
0.563998
0.298079
0.525157
0.272377
0.566973
1.630588
0.222798
0.772243
0.156413
0.326826
0.202273
0.384201
0.546035
0.008170
0.277439
0.190149
0.116799
0.048170
0.226472
0.181358
0.133767
2.323790
0.343573
0.232431
0.006214
0.384123
1.516445
0.172073
3.145912
0.326455
0.330269
0.561146
1.319357
0.071703
0.049624
0.466701
0.050051
0.302605
0.249914
0.226182
1.358275
0.647469
1.151914
0.456120
0.677966
0.197249
1.230897
1.504029
0.270493
0.163533
0.147070
0.528585
0.156930
0.696797
0.012321
0.165455
0.169833
1.868283
0.425373
0.168535
0.304068
0.028989
1.617098
0.242403
0.105316
0.028333
2.353546
0.167864
0.355788
0.242525
0.523571
0.292620
0.058502
0.398349
0.021143
0.957682
1.040388
1.563176
0.813100
0.173358
0.133996
0.029956
1.455289
0.351060
0.830290
1.751551
0.771347
0.051550
1.459944
0.222440
0.242339
0.256828
0.268439
0.211341
0.770607
0.464887
0.255249
0.749951
1.106101
1.198083
0.087881
0.387831
0.216903
0.158453
0.046489
0.249915
0.066373
1.661460
0.214998
1.313027
0.148493
0.439226
2.126879
0.113138
0.046629
0.794231
0.094611
1.040668
1.120857
0.063041
0.133506
0.162746
0.367145
0.524575
0.487147
0.182666
0.147268
0.011299
0.043259
0.078715
1.338840
0.139898
0.578011
0.166507
0.362487
0.743721
0.564440
0.510791
0.669710
0.013220
0.419216
2.644024
0.471662
0.403047
0.109981
0.601502
0.214747
0.230897
0.427769
0.139120
0.335014
0.828479
0.367729
0.004248
0.307211
0.077308
0.188799
0.626177
0.090521
0.253230
0.982457
0.050948
0.512826
0.393834
0.239112
0.085454
0.192204
0.029197
0.797461
0.029423
0.043223
0.226819
0.026751
0.591241
1.251060
0.143539
0.249771
0.155476
0.482996
1.723165
0.356814
0.056977
0.751233
0.015668
0.061740
0.134899
0.095644
0.281634
1.504255
0.207534
0.880213
0.831595
0.286866
0.316935
0.219689
0.848308
0.492507
0.561517
1.033433
0.275513
0.658118
1.564434
0.776361
0.766132
0.524505
0.612799
0.017037
0.021928
1.818496
0.529065
0.005553
0.330635
0.714801
0.776681
0.361447
1.046798
0.012623
0.583595
0.183659
1.855866
0.014438
0.072767
0.770963
0.312786
0.464315
0.076339
0.165463
0.131639
0.847234
0.084304
0.532269
0.397214
0.059050
0.292992
0.201819
0.715873
0.081177
0.227549
0.814861
0.065925
0.009342
0.843864
0.467396
0.755036
0.462571
0.065047
0.533357
0.495043
0.832336
1.652131
0.463196
0.913832
0.051966
0.247190
0.181387
0.608054
0.379265
0.440943
1.367373
0.213816
0.675770
0.446045
1.132205
0.957140
0.017111
0.129530
0.475520
0.101366
0.450500
0.270365
0.183385
0.473822
0.132463
1.228826
0.248340
0.904745
0.018514
0.024236
0.312480
0.938982
0.005323
0.035607
0.579675
0.057875
0.306973
2.331735
0.838112
2.324827
0.429677
0.689183
0.206535
0.191160
0.206405
0.133608
0.093331
0.232493
0.310613
0.766091
0.405244
0.029107
0.112581
0.991668
0.552666
0.284890
0.749742
0.031125
0.157775
0.838608
0.056958
0.664637
0.539707
0.062927
0.814995
0.212718
0.129100
0.152487
0.205552
0.020661
0.146041
1.224654
0.776741
0.447848
0.131573
0.067739
0.874836
0.256786
0.345134
0.170460
0.102641
0.027712
0.211893
0.244855
1.240303
0.007220
0.861712
0.590555
0.038812
0.048343
0.352781
0.100663
0.878648
0.090985
0.178774
0.499236
0.359632
0.375568
1.124121
0.948465
0.420417
0.079913
0.721154
0.220914
0.672354
2.648021
0.330670
0.416841
0.252616
2.019902
0.963576
0.436397
0.018496
0.111493
1.743586
1.524814
0.120533
0.782612
0.518786
0.170469
1.073293
0.082352
0.318622
0.619985
0.191531
0.738905
0.209400
0.889279
0.178361
0.134973
0.571424
1.015069
0.242488
0.294131
0.127977
0.066008
0.289639
0.618356
0.584344
0.904957
0.588928
0.392262
0.271114
0.651672
0.680387
0.245480
0.571284
1.582051
0.098568
0.197773
0.141610
0.032023
0.325563
0.632743
0.740621
0.796710
0.336438
0.060976
0.494282
0.779834
0.216461
0.184793
0.537170
0.665292
0.700578
1.078371
0.980738
0.107455
0.450653
0.397673
0.015084
0.168453
0.048387
0.297345
0.007253
0.903264
0.904640
0.594383
0.788787
0.007632
0.011169
0.020500
0.040164
0.347206
0.709549
0.947996
0.176486
0.142396
1.671090
1.297084
0.019174
0.189920
0.133464
0.595528
0.026546
2.209743
0.434224
1.209874
0.100046
0.095798
0.307752
0.118534
0.308448
0.401336
0.538417
0.321973
0.245223
0.342149
0.093277
0.099940
0.357394
0.106768
0.125091
0.443232
0.590306
1.941438
0.287878
2.318426
0.128892
0.257384
1.236117
0.153847
0.633617
0.081186
1.621581
0.735049
0.074154
0.389743
0.571522
0.192228
0.628893
0.075868
0.377768
0.096853
0.589891
0.105095
0.526176
0.041854
0.577790
0.860384
0.151548
0.108972
0.006719
0.329674
0.765588
0.612526
0.310153
0.125154
0.596301
0.584718
0.488818
0.473598
1.543024
0.209420
0.717844
1.234188
0.059554
1.150711
0.304987
0.788586
0.123631
0.094584
1.360765
0.691758
0.214203
0.492928
1.397409
3.659449
0.614100
0.489082
0.858535
1.731300
0.856921
0.897152
0.300251
0.462598
0.388280
1.224873
0.871445
0.134976
0.462089
0.297817
0.944434
0.407612
0.782657
0.471838
0.320029
1.167895
0.357379
1.325174
0.596529
0.654208
0.053640
0.498389
0.326057
0.299081
0.149077
0.270583
0.298479
1.676120
0.021417
0.157304
1.356376
0.989373
0.054730
0.243156
0.313028
0.515985
0.177477
0.171449
1.061297
1.161071
0.671764
0.652885
0.307535
0.377569
0.207638
1.345115
0.283981
0.950333
0.988471
0.069647
0.434087
1.651592
0.715565
0.030587
0.266717
0.009477
0.324346
0.993629
2.060422
0.366153
0.071274
1.246965
0.239791
0.134944
0.180144
0.936254
1.061093
0.459798
0.073411
0.714621
0.349841
1.042243
0.336227
1.643753
0.260172
0.884180
1.125888
0.913187
0.569590
0.705900
1.737397
0.150689
0.635644
0.654654
0.192494
0.071325
0.690690
0.796814
2.744978
0.659388
0.189909
0.068899
0.524844
0.596965
0.227270
1.523280
0.391792
0.140844
0.403491
0.569384
0.003009
0.029373
0.405308
0.342140
0.009952
1.623367
0.196472
1.229588
0.804976
0.002432
0.555530
0.732960
0.153979
0.247411
0.345702
0.439251
0.370395
0.142440
0.240155
0.366084
1.966974
0.597708
0.521864
0.497649
0.250763
0.006604
0.437172
1.387321
0.149615
0.073474
0.480402
0.153679
0.107659
0.094873
0.713888
0.120032
0.071894
0.044466
0.068435
1.359292
0.047125
0.801498
0.607292
0.219251
0.104760
0.113008
1.403335
0.622901
0.299092
0.193569
0.131609
0.281607
0.009298
1.057163
0.031476
0.266211
1.114696
0.516237
0.215735
0.081859
0.758286
1.718848
0.268611
1.829710
0.075814
0.096664
0.103927
0.160530
0.151148
0.189601
0.117009
0.216027
0.060688
1.214184
0.611789
0.180719
0.060583
0.518408
0.007870
0.415405
1.696925
0.141873
2.642039
2.094726
0.067525
0.028782
0.253470
0.009456
0.601677
0.689382
0.093015
0.327301
0.629341
0.440198
0.303121
0.971280
0.716002
0.514000
0.070370
0.011149
1.583505
0.207710
0.233306
0.037453
0.145013
0.040985
0.235399
0.227751
0.643893
0.248062
1.330877
0.586463
0.508271
1.295818
0.562558
0.722986
1.982755
0.037927
0.764429
0.571056
0.860631
1.528468
0.087895
0.385156
0.386474
0.478309
0.250269
0.177995
0.149263
0.372304
0.193988
0.121647
1.001303
0.592818
0.169929
0.062087
0.741730
0.544766
0.329512
0.343849
0.028148
0.266210
0.104009
0.590284
0.206185
0.994592
0.305672
0.192069
1.376331
0.137610
4.306112
0.708174
0.107565
0.087787
0.174448
0.658224
0.749922
0.582903
0.015969
0.017774
0.120023
0.217709
0.144430
0.040836
0.024308
0.387191
0.108580
0.859075
0.113223
0.566357
0.191267
0.148784
0.047518
0.352284
1.500605
0.279817
0.230122
0.261830
0.688259
0.182003
0.522414
0.687899
0.032277
0.921984
1.195090
0.220842
0.426336
0.577943
0.023219
0.464637
0.636742
0.149732
1.587016
1.770708
0.205648
0.002817
0.356715
0.380080
0.874986
0.623575
0.118020
0.077796
1.754195
0.178989
0.524581
1.264919
0.653729
0.009408
0.198734
0.324122
0.195597
1.869613
0.127059
0.244097
0.851981
0.071235
0.679950
0.248597
0.851896
0.777214
2.892100
0.386261
0.024319
1.551544
0.355840
0.242810
1.618377
0.009704
1.245014
0.773067
0.658193
0.068106
1.336979
0.605251
0.279531
0.434692
0.486802
0.085838
0.457432
1.500479
0.503634
1.283151
1.305154
0.980151
0.185131
0.682320
2.412311
0.027102
0.073260
0.830308
0.920845
0.071483
0.213956
1.098775
0.046225
0.973547
0.159834
0.025128
1.045888
0.105794
0.903774
0.468795
0.191396
0.728284
0.185809
0.685800
0.213668
1.349022
1.171950
1.470478
1.072464
0.386997
1.021519
0.828820
0.253763
0.099111
0.403650
0.247138
0.132356
0.585963
0.111550
0.038453
0.867065
0.397143
1.647727
1.213800
0.259940
0.134959
1.619104
0.165602
0.278661
0.796561
1.105325
0.683843
0.414685
0.112043
0.338247
1.211987
0.071598
0.251802
0.978137
0.008237
1.362727
0.652784
0.873635
0.202108
1.197318
0.238768
0.640944
0.076207
0.036243
1.278432
0.121285
1.119179
0.317957
0.098214
0.817681
1.043566
0.267984
0.725969
0.085927
0.923078
0.413447
0.024737
0.442713
0.067492
0.143190
0.041183
0.019215
0.240988
0.321908
1.133207
0.254395
0.263139
0.490812
0.127142
0.676817
0.381884
0.463447
0.311985
0.562673
0.560642
0.244401
1.107519
0.419093
0.973115
0.035850
0.233104
0.660527
0.330910
0.074545
1.108410
0.197445
0.603826
1.401021
1.225002
0.878307
0.104335
2.464888
1.001509
0.422886
0.315075
0.716461
1.745861
1.046519
0.244440
0.107886
0.481676
1.267762
0.800484
0.043092
0.453467
0.319744
0.316699
0.333827
0.020382
0.197562
0.406281
0.265997
0.030698
0.020603
0.400450
1.503849
0.228337
0.145295
1.103223
0.164475
0.041446
0.040738
0.159478
1.446781
0.523512
0.674654
0.612106
0.481915
0.480211
0.048640
0.837391
0.134369
0.006785
0.472023
0.191533
0.470442
0.043535
0.774281
0.050910
0.065813
0.060435
0.529342
0.383826
0.095217
0.591197
0.045495
0.066192
0.030975
0.207115
0.007001
0.208053
0.271244
0.048337
0.475289
0.225745
0.675787
0.218527
0.035926
0.222939
1.775976
0.088386
0.094606
0.115958
0.096494
0.764710
0.372452
0.769083
1.007676
0.187468
1.068675
2.305475
0.278013
0.382989
0.373228
0.458042
0.129759
0.474574
0.643517
0.170293
1.519116
0.669353
0.495827
0.231637
0.885872
0.138879
0.662320
0.423302
0.453892
0.813376
1.335881
0.419565
1.682859
0.054494
0.745609
0.075976
1.088407
0.178424
1.303172
0.699840
0.474392
0.825727
0.680083
0.020049
0.210302
0.156902
0.509746
0.424230
1.069670
0.225598
0.985109
0.898933
0.053208
0.336291
0.114787
1.336193
0.658627
1.400324
0.348622
0.199279
0.678683
0.283622
1.134703
0.615715
0.384121
0.556652
0.945555
0.274758
1.781565
0.746476
0.096850
0.439062
0.437959
1.259602
0.488742
1.307761
0.104629
0.152560
0.345372
0.036867
0.491882
0.222652
1.179207
0.649230
0.945176
0.058581
0.536415
0.435076
0.025535
0.087180
1.202998
0.786191
0.449372
0.821112
0.347149
0.069109
0.325024
0.215138
0.401327
0.298582
0.066744
0.650897
0.017331
0.616328
0.521257
0.536196
0.504413
0.904699
1.267741
0.072022
1.189351
0.395794
0.340136
0.837680
0.160050
0.209657
1.284038
1.343277
1.285981
1.807899
0.048195
0.896197
0.725266
0.577289
0.510673
0.154711
0.840738
0.062707
0.478295
0.227666
0.419085
0.675003
0.049203
0.460107
0.298232
0.675759
0.150132
0.044196
0.430665
0.099319
0.123429
0.331532
0.649196
0.622865
0.176547
0.000477
0.028165
0.124747
1.350324
1.917219
0.107780
0.012519
0.835193
1.602787
0.618140
0.300480
0.127829
0.370579
0.421502
0.920662
1.100020
0.073718
0.436321
2.034956
0.670946
0.015951
0.643811
3.114014
0.061647
0.179392
0.098117
0.203792
0.771366
1.178045
0.024077
0.043701
1.183098
0.053673
0.181560
0.913179
0.041784
0.344984
0.996555
1.112801
0.306127
0.425797
0.210579
0.575162
0.050853
1.222636
0.372071
2.130991
0.025847
0.056591
1.734098
0.778019
0.074488
0.590292
0.773364
0.146788
2.590264
1.679600
0.444765
0.758381
1.021832
0.505527
0.998546
0.749418
0.669611
0.092423
0.478050
0.852212
0.550071
0.326329
0.619145
0.066793
0.027020
0.027668
0.826470
0.080854
1.707610
0.202761
0.072638
0.008833
0.290252
0.054931
0.821345
0.432318
0.797136
0.450206
0.895485
0.783474
0.409168
0.274396
0.424196
0.280430
0.030150
0.286499
0.115268
0.795966
0.464354
0.861590
0.476725
0.158804
0.178940
0.196307
0.253052
0.218051
0.237846
0.115131
0.349341
0.212076
0.387229
0.508022
0.225639
1.941966
0.677435
0.093001
0.408477
0.387138
0.720535
0.248319
0.200449
0.194422
0.840412
1.162308
0.696039
1.029024
0.206507
1.577168
0.552464
1.434844
0.754425
0.166588
0.121288
0.041516
0.468333
0.474092
0.283810
2.156694
0.852508
1.373553
0.201949
0.221020
0.426497
0.594500
0.205269
0.189812
1.001990
1.126572
0.964975
0.495141
0.168687
0.102361
1.504795
0.052757
0.045677
0.605549
1.795606
0.277260
0.538616
0.512495
0.230174
0.288393
1.292184
0.438934
0.364882
0.380310
0.109630
1.509037
0.366189
0.007617
1.090146
0.953662
0.232922
0.308885
0.395928
0.617390
0.749700
0.265684
0.463212
0.499267
0.020790
1.105420
0.848334
2.378875
2.329784
1.171767
0.591342
1.647939
0.199989
0.217711
0.463379
0.599659
0.783446
0.376153
0.166292
0.185014
0.031653
0.326790
0.150816
0.434441
0.341537
0.079721
0.282907
1.009954
0.468547
1.933999
0.429523
0.243043
0.248214
0.099510
0.008345
0.282840
0.036747
0.895656
0.275339
0.031676
0.668316
0.062207
0.012327
0.034641
0.317434
0.495126
0.725227
0.151433
0.085535
0.024841
0.422668
0.123323
0.375693
0.888858
0.802630
0.011750
1.916541
0.131505
1.106181
0.441661
0.118092
0.314609
1.780048
0.460230
0.521293
2.216276
0.017135
0.633486
0.861232
0.305444
0.756392
0.408954
0.426796
0.814964
0.491191
0.022557
0.283322
0.248065
0.182219
0.445569
0.289540
1.043738
0.826156
1.719050
0.613751
0.467681
2.360860
0.578121
0.912622
1.067090
0.158676
0.025219
0.214354
0.139520
0.526129
2.774500
0.131726
0.576864
0.626626
0.027218
0.076385
0.340737
0.472894
0.629022
0.177043
0.135385
0.713355
0.656075
0.494869
0.033773
0.193251
0.035164
1.417797
0.069036
0.018221
0.522478
0.666890
0.013627
0.202952
0.428236
1.195954
0.465135
0.489788
0.148661
0.945379
0.161054
0.146048
0.042043
1.608469
1.716795
0.071721
0.053567
0.309817
0.683747
0.850190
0.713651
2.021737
0.430532
0.337461
0.471817
0.514456
0.833995
0.567693
0.438440
1.409534
0.626736
0.132122
0.564833
0.676188
0.417171
0.145311
0.524797
0.094004
1.046692
1.188198
0.010323
0.082503
0.087426
0.053282
0.059411
0.068568
0.133752
0.120163
0.445807
1.955210
0.015753
0.215431
1.640794
0.468634
0.918971
0.425744
0.144447
0.528107
0.145125
0.900386
0.448941
1.696779
0.034698
0.156963
0.615135
0.501036
0.368684
0.221355
0.815520
0.254047
0.153821
0.870654
0.399777
0.276902
1.300443
0.543102
0.403033
0.087477
1.044278
0.077389
0.075686
1.188381
0.340063
0.054296
0.362270
0.203460
0.563699
0.726988
2.153723
1.315876
0.459634
0.432680
1.124327
0.551659
0.943676
0.460959
0.179133
0.231142
1.608827
0.055682
0.731621
0.127299
1.330318
0.192087
0.524930
0.968584
1.994755
0.113702
0.008264
0.974647
0.212934
0.085314
0.723605
0.917054
0.150397
0.164410
0.095911
1.373612
0.023854
0.087819
0.997338
0.521745
0.673881
0.710238
0.189905
0.444224
0.223648
0.480019
1.595416
0.193270
0.640983
0.649834
0.394135
0.528646
0.023737
0.108694
0.355140
0.014125
0.254400
0.372101
1.083507
0.684386
0.572462
0.525276
0.440733
1.419547
1.333090
0.714332
1.049479
1.887668
1.272008
0.676155
0.490212
0.541805
0.346333
1.413890
0.144064
0.984505
0.408197
0.117353
0.099837
0.164590
1.378948
0.647992
1.352213
2.035486
1.273949
0.291326
0.005427
0.193227
1.697675
1.133009
0.034203
0.522379
0.395414
0.527696
0.445488
0.324100
0.265782
0.314767
0.302645
0.203056
0.116924
0.041111
2.690091
0.615976
0.009993
0.141001
0.420456
0.431097
0.303416
0.692517
0.976852
0.248379
0.323186
0.783533
0.234553
0.253591
0.132587
0.243256
0.633542
0.111196
0.165301
0.767321
0.940697
0.880247
0.286715
0.287564
0.181960
0.944332
1.174457
0.711766
0.100747
0.059981
0.910297
0.097937
0.861089
0.975466
0.275487
0.247153
0.286017
1.054069
0.075232
0.173982
0.157380
0.478227
0.044536
0.517079
0.006825
0.191471
0.015079
0.658208
0.364436
0.186414
0.363221
0.227198
0.074979
1.526514
0.811100
0.293773
0.808509
0.613900
0.113732
2.067621
0.857702
0.021203
0.088300
0.512819
1.148190
0.440337
0.015972
0.203985
0.311841
0.093845
0.495612
0.662257
0.772940
0.626052
0.237844
0.805803
0.016388
0.262335
0.380006
0.399023
0.635531
0.024969
1.232323
0.978517
0.000749
0.632033
0.180509
0.812293
0.276311
0.353098
0.773250
0.140300
0.397038
1.486917
1.086227
0.296541
0.382203
1.247723
0.762504
3.225796
0.046425
0.264884
0.659299
1.041906
0.066969
0.058847
0.563473
0.085750
0.366237
0.116797
0.614461
0.136396
0.148550
0.486898
0.051278
0.149558
0.207645
0.255834
0.031754
0.722834
1.187514
0.943720
0.004561
0.303475
0.798345
1.127770
1.163277
0.201602
0.837585
0.577193
0.200422
1.158306
0.050467
0.032395
0.750153
0.125105
0.095440
0.301577
0.238183
0.590535
0.541223
0.045157
1.342646
1.252128
0.616717
0.014854
0.097272
0.024889
0.280863
0.136116
0.838247
0.205312
0.045435
0.863133
0.784517
1.078368
0.631570
0.592285
0.121751
0.377468
0.238109
0.395233
0.282247
0.322063
0.469655
0.116780
0.595762
0.763630
0.541182
0.039092
0.323056
0.194629
0.088107
0.261887
0.137682
1.021155
0.287229
0.270208
1.255613
1.007824
0.533290
0.658016
0.113783
0.678717
0.403555
2.678422
0.493059
0.158103
0.584635
0.926070
0.807349
0.035360
0.246711
0.132244
0.391708
3.274508
0.290526
0.136823
0.760345
0.053735
0.188880
0.148771
0.276117
0.323291
0.546929
0.546873
0.212659
0.053831
0.043070
0.154125
1.734218
0.670375
2.916656
0.094591
0.327955
0.400284
0.091750
0.057149
0.863033
0.972649
1.509067
0.487842
1.297361
0.208192
0.967123
0.316017
0.207108
0.175600
0.615311
0.064247
0.253794
0.011375
0.237359
0.864087
0.345236
0.021986
0.334161
0.932482
0.078378
0.421947
0.058473
0.060475
0.184314
0.056830
0.168636
0.778775
0.537007
0.302508
1.138249
0.327331
0.186250
0.943468
0.054599
0.134805
0.104767
1.596052
0.610074
0.375579
0.147234
0.266112
0.523145
0.529397
0.285639
0.013532
0.322672
1.357969
0.036135
1.647747
0.754695
0.120913
0.380624
1.100567
0.199290
0.920164
2.866303
0.477273
0.497915
0.532289
0.035720
0.375325
0.072807
0.238968
0.236127
0.136533
0.478896
0.416714
0.110243
0.193622
0.049150
0.301602
0.661711
0.678144
0.056064
0.092547
0.732855
0.435644
0.054256
0.912573
0.393222
1.067632
0.027552
0.040310
0.737255
0.240909
1.254743
0.730230
2.967223
0.398447
0.274954
0.034301
0.040179
0.408796
0.295511
0.302219
0.798416
0.032269
0.009623
2.683750
0.241909
0.059777
0.297355
0.062414
0.965749
0.404108
0.168664
0.489289
0.073054
0.246458
0.310842
0.570458
0.158002
0.363428
0.709262
0.021482
1.145890
0.564462
0.830165
1.132967
0.128022
0.132583
1.642614
0.180561
0.783734
0.262806
0.706778
0.444447
0.318673
0.747574
0.438805
0.965099
1.096726
0.016521
1.791940
0.680387
0.441972
0.149579
0.229190
0.641481
0.521658
0.887906
0.258136
1.254557
0.213263
0.087884
1.618430
0.141275
0.909481
0.736224
0.076813
0.032909
0.001782
0.055452
0.228487
0.792337
0.360550
0.065925
0.242153
2.102823
1.147861
1.722570
0.916195
0.775067
0.000301
0.836193
0.378916
0.442701
0.036694
1.146374
0.185703
0.633768
0.654047
0.625000
0.506862
0.040005
1.038452
0.455463
0.195067
0.623246
0.229817
0.313158
0.748471
0.232642
0.422471
0.077153
0.091378
0.043979
0.154975
0.400259
0.035904
0.090658
0.365947
1.199873
1.535319
0.366573
0.639098
0.331723
0.056616
0.785639
0.242204
0.270035
0.357385
0.060295
0.070084
0.079985
0.105667
0.002743
0.684579
0.360290
0.632852
0.060612
1.930956
0.340753
0.332967
0.398577
0.506863
0.529554
0.502003
1.169895
0.114165
0.606811
0.036006
0.642126
0.473555
0.011680
0.139029
0.202933
0.354654
0.215241
0.067235
1.112598
0.728566
0.506010
0.002786
1.140827
0.767042
0.109111
1.168358
0.377539
0.618220
0.485525
0.516679
0.583268
0.061344
0.069859
0.135869
0.698366
0.765387
1.026059
0.533917
2.201967
0.427149
0.646818
0.620514
0.103240
0.690787
1.535879
0.367149
0.148417
0.180818
0.519198
0.080546
0.036587
0.165987
0.083821
1.728023
0.034590
0.215697
1.027087
0.454244
0.030928
0.339736
0.137914
0.690230
0.468982
0.232173
2.151915
0.224060
0.084260
0.976037
0.008787
0.077075
0.283203
0.679628
0.961286
0.482473
0.338603
0.823648
0.074920
0.690749
0.058770
0.768865
1.139357
0.100113
0.035010
0.026662
0.081201
0.072205
0.257354
0.010970
0.657142
0.310233
0.361615
1.794794
0.118395
0.065849
0.210678
0.109903
0.331373
0.345505
0.028469
0.348563
0.513313
0.334506
0.140607
0.342149
0.056462
0.667989
0.180475
0.141138
0.332666
0.267116
0.015780
0.241833
0.452348
0.051954
0.285826
0.683709
0.132738
0.909257
0.728226
1.669002
0.178365
0.165473
1.381379
0.357575
0.259723
0.164757
0.615856
1.102345
0.756284
0.721018
0.248544
0.273609
0.144735
0.506449
1.244451
0.221678
0.234150
0.124221
0.463242
0.982451
0.502377
0.504098
0.139402
0.130164
0.661783
0.567721
1.833299
1.705233
0.363304
0.676188
1.340216
0.847750
0.011701
1.013800
0.198283
0.279553
0.080716
0.018115
0.191360
1.320654
0.802563
0.618414
0.215526
0.025897
0.212730
0.155423
0.262628
0.637314
0.333894
0.006367
0.434102
0.064499
0.521744
0.867520
0.215564
0.240303
0.348906
0.196270
0.214289
0.009479
0.034159
0.164274
0.901732
0.046698
0.080308
0.088755
0.364332
0.176524
0.110466
0.902248
0.128213
2.969305
0.393882
0.429439
0.024511
1.111289
0.927468
0.304804
0.473550
0.200758
0.316580
0.106863
0.300484
0.062138
0.008084
0.809603
0.345032
0.365284
0.067684
0.938728
0.385171
0.106994
0.067940
0.232940
0.165509
0.161091
0.382929
0.802861
0.425357
0.660803
0.503516
0.802420
0.655886
0.099126
0.235355
0.753660
0.037097
0.123576
0.133896
0.575443
0.398892
0.608736
1.044039
0.000697
0.859870
1.113336
0.813135
0.192348
0.264222
1.329229
0.090979
1.474648
0.065388
0.173658
0.192862
0.259088
0.420651
0.965877
0.113858
0.076425
0.443851
0.911154
1.413583
0.192138
0.009176
0.190090
0.051323
0.046987
0.383117
0.202098
0.742146
0.044369
0.018596
0.524072
0.045131
0.973846
0.389925
1.102034
0.097242
1.518310
0.856263
0.210115
1.149429
1.425176
0.506018
0.124018
0.212760
0.114941
0.038859
0.399498
0.213177
0.544094
0.245975
0.169792
2.015126
0.261072
0.463417
0.041573
0.343032
0.075083
0.265745
0.157207
0.127027
0.297812
1.257860
0.186009
0.182770
0.308760
0.111762
0.329777
0.266130
0.010048
0.874416
0.187238
1.636019
0.310455
0.379663
0.184548
0.551187
0.466708
0.979004
0.007573
0.157332
0.142129
0.180461
0.145307
0.530919
1.188446
0.201718
0.081628
0.023859
0.681780
0.272717
0.158004
0.107236
0.207459
0.435664
0.345785
0.805533
0.761421
2.012291
0.119795
0.809249
0.825526
0.372640
0.721697
0.157833
0.029565
0.037640
1.395296
0.545633
1.339561
1.535739
1.360371
0.098497
0.148270
0.103125
0.894837
0.089429
0.365268
2.055606
0.118096
0.152313
0.258776
0.328232
0.304066
0.680561
0.032495
1.548809
0.392579
0.931621
1.382092
0.707350
0.520127
0.683490
0.165922
0.264249
0.007974
0.207619
0.329882
1.544329
0.002017
0.267562
1.193442
1.391924
0.449726
0.089981
0.066520
0.277731
0.199100
0.514896
0.263651
0.387010
1.179680
0.840539
0.010184
0.224044
0.407606
0.043370
0.189895
0.053462
1.314960
0.145823
0.977404
0.427305
3.130958
0.075882
2.101904
0.007006
0.327565
0.315638
1.726526
0.331456
1.070619
1.045495
0.274827
0.322844
0.021001
0.396396
1.160838
0.230705
0.105570
0.186762
1.195434
0.050385
0.067065
1.319811
0.305333
0.574391
0.005883
0.741416
0.767128
1.403482
0.013159
0.514719
0.360941
0.012180
0.765316
0.345799
0.019360
0.153417
1.710377
0.003176
0.690908
0.947903
1.071796
0.094208
0.196893
1.287854
0.634967
0.128992
0.173720
1.201144
0.387274
0.112795
0.002681
0.546232
0.069957
0.310282
0.213540
0.076729
0.134178
0.070766
0.042711
0.151458
0.745305
0.453218
0.168020
0.408637
0.050055
0.195327
0.864654
0.032309
0.200028
0.423698
1.217362
0.119436
0.679729
0.135825
0.073314
0.310274
0.312998
0.280963
0.232480
0.002184
0.499627
0.236755
0.552773
0.718611
0.914876
0.008348
1.175239
0.038933
0.080396
2.154454
0.204926
1.283896
0.436843
0.485976
0.328563
0.566374
1.450598
0.181386
0.674361
0.160626
1.042631
0.528936
0.333978
0.482380
1.106763
0.488591
0.042385
0.219994
0.027503
0.301759
0.223390
0.578172
0.886871
0.014861
0.296903
0.554104
0.023464
0.217283
0.682779
0.108068
0.207006
0.042241
0.062594
1.272946
0.606455
0.457310
0.457459
0.521653
1.169547
0.207666
1.278558
0.755499
2.458909
0.263576
0.253945
1.074376
0.016957
0.326494
0.136776
0.045436
1.348757
0.457698
0.739713
0.719700
0.495679
0.124237
0.283504
0.561613
0.424860
0.097729
1.016833
1.212218
0.149577
2.164317
0.895087
1.624969
0.441120
0.283274
0.469441
0.336408
0.740078
0.379010
0.156699
0.724261
1.416159
0.550222
0.522706
1.833953
0.079374
1.093645
0.031649
0.041373
0.334151
0.896584
0.923676
0.061847
0.027534
0.160879
0.782998
0.491808
0.301350
0.539795
0.385571
0.621048
0.520756
0.231482
0.558050
0.132781
0.812539
0.165212
0.641788
0.428423
0.837755
2.413909
0.208200
0.701032
0.538337
2.256607
0.651678
0.820107
1.047040
0.779652
1.083492
0.226466
0.488134
0.650652
0.327528
0.564841
0.001477
0.158526
0.180419
0.304051
1.343921
0.917616
0.091264
0.432623
0.118500
0.914060
0.836394
0.007106
0.064295
0.383109
0.445328
1.354919
0.374571
1.331043
0.581357
0.103205
1.258102
0.268709
2.450626
0.794942
0.114998
1.052032
0.087349
0.882311
0.465529
0.512044
0.352218
0.469285
1.218534
0.826488
0.033300
0.930734
0.523405
0.131508
0.275483
0.982887
0.036583
0.134518
1.035994
0.106114
0.737272
0.311511
0.066578
0.177157
0.250335
0.835751
0.331645
0.187791
0.129243
0.324478
0.057796
0.283913
0.219601
0.156979
0.151900
1.626127
1.205785
0.729657
0.422132
0.865545
0.429159
0.503322
0.550504
0.127491
1.004312
0.047745
0.044428
1.377422
0.197973
1.598153
0.068254
0.051612
0.274753
0.145358
0.252438
0.848155
0.033234
1.065434
0.069488
0.172718
0.222109
0.136503
0.646095
0.626099
0.355006
2.183998
0.562638
0.271233
0.703102
0.140892
0.138270
0.201025
1.060635
1.198782
0.406103
0.685107
0.000067
0.512418
0.573369
0.198072
0.458435
0.830178
0.276836
0.011633
0.032110
0.861819
0.915161
0.067628
0.606759
1.743199
0.271155
0.031749
0.116787
0.077700
0.747272
0.630559
0.070351
0.299907
0.072715
1.086566
0.596435
0.236561
0.122460
0.429921
0.168441
0.742186
0.194834
0.168534
0.267645
0.002530
0.474963
0.007421
0.843635
0.019576
0.019229
1.048505
0.982981
1.049278
0.001846
0.413715
0.937861
0.274335
0.489554
0.028315
0.417597
0.255415
0.738590
0.597773
0.952206
1.187951
0.438104
0.396749
0.167048
0.806907
0.066487
0.422011
0.426926
0.296407
0.969534
2.242743
0.300993
0.316866
0.001733
0.155477
0.354422
0.021031
0.077994
0.229248
1.253917
0.080152
1.333898
0.724747
0.422447
0.404783
0.858422
0.073443
1.550010
0.448351
0.898089
0.820055
0.345731
0.270393
0.218309
0.764325
0.123323
0.325325
0.217854
0.787062
1.298632
0.117454
0.760575
0.237247
0.567765
0.768559
0.517893
0.103227
0.874893
0.779094
0.404056
0.682745
1.387078
0.331694
0.356732
0.354633
0.020330
0.200555
0.517258
2.629266
1.278808
0.325686
0.806820
0.273803
1.133507
0.083985
0.114605
0.061062
0.501078
0.408260
1.191748
0.408716
0.729194
0.584483
1.376283
0.295419
0.321524
0.435287
0.500751
0.178695
0.231631
0.103496
0.023150
0.184352
0.557175
0.405179
0.847401
0.621906
1.084572
0.308988
0.612962
0.825743
1.403680
0.353980
0.130619
0.903989
0.542313
0.285237
1.507724
0.174697
2.465119
0.978607
0.959755
0.713901
0.397104
0.779270
0.115526
0.011313
0.231690
0.913097
0.194949
0.676658
0.013146
0.229527
0.025640
0.598367
1.284711
1.006273
0.263424
0.828120
0.198241
0.061678
0.480357
0.155273
0.488290
0.939585
0.054332
0.167999
0.165660
0.027727
0.434060
0.160654
1.219165
0.284211
0.017795
0.308792
0.126246
0.138052
0.329979
0.450682
0.041822
0.819950
0.204437
0.056131
0.095653
0.243546
0.814849
0.051315
0.145137
0.120112
1.185886
0.432870
0.199940
0.371237
0.936096
1.528825
0.232089
1.489758
0.136152
0.529753
0.001566
0.853628
1.316752
1.237404
0.145322
1.650294
0.236263
0.322518
0.114333
0.981992
0.035931
0.167489
0.547861
0.259549
0.247835
0.915733
0.781594
0.108362
1.385187
0.021702
0.262460
0.929097
0.486080
0.669698
0.229521
0.315507
0.587204
0.672498
0.269896
1.325185
0.249475
0.272586
0.689187
0.193572
0.204796
0.000115
0.167139
0.623534
0.322738
0.335253
0.424732
0.393650
0.741835
0.135942
1.496576
0.089583
0.040540
0.674314
0.222271
0.007679
0.763649
0.728957
0.980515
0.259272
0.351876
0.128995
1.030060
0.109247
1.703462
0.171029
0.067136
0.222901
0.618853
1.034387
0.570806
0.023562
1.035299
1.673933
0.710825
0.214989
0.302010
0.201016
1.124068
0.128471
0.420937
0.929832
0.247657
0.520611
0.439351
0.692152
0.542677
0.229083
0.363642
0.368554
0.739578
0.011151
0.690956
0.517441
0.123160
0.628967
1.362273
0.210778
0.039223
0.516939
0.122716
0.705590
0.586246
0.047993
0.638245
0.298092
0.290803
0.095808
0.757359
0.204288
0.256216
0.214798
0.099030
0.784106
2.786979
0.722721
0.389444
0.537090
0.070733
0.029803
0.099181
1.172148
0.041647
1.321332
0.397941
0.177087
0.517238
0.330089
0.513921
0.636548
0.068263
0.982542
0.323305
0.851932
1.511858
0.109804
0.155380
0.249103
0.232243
0.024196
0.650581
0.740313
0.252478
1.190079
0.415157
0.249344
0.557100
0.055562
0.026223
0.814151
0.088987
0.131346
0.615198
0.139167
0.087087
0.148287
0.389574
0.815938
0.673307
0.101318
0.371667
1.010573
0.022123
0.000328
0.578413
2.616339
0.110212
1.524861
0.244728
0.421246
4.467479
0.060985
0.209176
0.252369
0.011271
1.181998
0.777969
0.592268
0.005595
0.916614
0.344428
0.095680
0.036890
0.115130
0.269888
0.131316
0.310239
1.588920
0.018027
0.112944
0.076430
0.410361
0.036118
0.102302
0.411106
0.703670
0.099037
0.710160
0.615218
0.418200
0.198546
0.614992
0.572157
0.553720
0.054929
0.608440
0.428483
1.117686
0.253715
0.441767
0.660536
1.130762
0.715322
0.815524
0.053504
0.097987
0.017943
0.414819
0.073260
0.036641
0.726187
0.162893
0.497868
0.902956
0.310944
0.106034
0.446876
0.514677
1.492426
0.177422
0.117541
0.162298
0.003220
1.108441
1.466625
0.058525
0.451809
0.369416
0.001756
2.470864
0.057711
0.667149
1.097611
1.019551
0.389279
2.309992
0.024501
0.429226
0.403651
0.101739
0.520424
0.192777
0.310090
0.162445
0.084565
1.296621
0.316010
0.686163
0.419647
0.270587
0.023127
0.751367
0.593912
0.026500
0.552110
0.513460
0.088415
0.152875
0.089695
0.090512
0.148050
0.159572
1.162626
0.078300
0.077208
0.292751
0.072571
0.105919
0.009773
0.584047
0.235015
0.548608
0.004504
0.907520
1.437589
0.089904
0.718565
0.265579
1.209854
0.200520
0.886014
1.564661
0.057063
0.372355
0.003952
0.748917
0.091373
0.093135
0.020315
0.201165
0.204386
0.175561
0.463764
0.135757
0.290853
0.688279
0.571202
0.429196
1.394025
0.602496
0.154077
0.188057
0.228253
0.160216
0.081639
0.185605
0.288780
1.221128
0.640385
0.215227
0.139468
0.401692
0.182669
0.216367
0.040235
0.188373
0.068284
0.140080
0.330689
0.091642
0.428512
0.855720
0.311411
0.099254
0.029435
1.174981
1.312779
0.669933
0.327718
1.005180
0.288505
0.685174
0.098942
0.817201
0.010176
0.200373
0.061102
0.307057
0.139338
0.907642
0.826865
0.333376
0.246654
0.060916
0.909750
0.314349
0.279845
1.684065
0.620752
1.217910
0.071366
0.168876
0.658139
0.453895
0.314311
0.778040
0.347788
0.250664
0.374497
2.008596
0.150778
1.684590
0.650936
0.289793
0.735955
0.689409
0.734943
1.083786
0.115968
0.006676
0.641423
0.007896
0.346463
0.059476
0.069845
0.206081
0.432400
0.409339
0.180721
0.171185
0.318818
0.286655
0.429651
0.113656
0.016741
0.022089
2.437607
0.381936
0.287674
0.366489
0.362977
0.598375
0.331897
0.139933
0.074073
0.147601
2.429346
1.191588
0.076089
0.111099
1.269192
0.997246
0.120979
0.273136
1.866264
0.211776
0.710812
0.404764
1.173105
0.032006
0.931672
0.235585
0.344926
0.273563
0.432628
0.378872
0.312376
0.423642
0.033828
1.161886
0.047676
0.435605
0.458047
0.429073
0.873405
0.668973
0.890922
0.851627
0.518324
1.802945
0.008651
0.417776
0.906249
0.132025
2.181519
0.837847
0.430603
0.685089
0.229238
0.328520
0.824987
0.119510
0.973661
0.182854
0.502548
0.286706
0.908762
0.051901
0.003927
1.166475
0.000346
0.051997
0.331354
0.458913
0.561693
0.185689
0.206419
0.353112
0.068556
2.054899
0.326322
0.078491
0.399203
0.189962
0.236881
0.385245
0.069004
1.547135
0.166446
0.343247
0.286624
0.047759
0.617669
0.173824
0.253245
0.210229
0.654766
0.133917
0.291563
0.669470
0.074224
0.292184
0.905920
0.487095
0.022058
0.358177
1.349439
0.240137
0.009064
0.031388
0.227045
0.343879
0.115415
1.232134
0.839351
0.437898
0.300871
1.426182
0.386271
0.664571
0.288977
1.833957
0.875482
0.080212
0.156072
0.126664
0.338117
3.153546
0.306938
1.353934
0.666004
0.454047
0.235693
0.425135
0.123724
0.271519
0.043962
0.082395
0.805734
0.053868
0.119620
0.090390
0.457438
0.271417
0.041859
0.266210
0.001187
0.380127
0.219338
0.388844
0.155815
0.790096
0.361806
0.049436
1.426094
0.764220
0.191310
0.284363
0.760034
0.749574
0.228701
0.364238
0.233713
0.679219
0.047186
0.448976
0.088343
0.095718
0.682317
1.639878
0.161732
1.576784
0.068336
1.042916
0.235964
0.116630
0.170270
0.237867
0.674509
0.516024
1.257297
0.004144
0.287938
0.284675
0.054012
0.239074
0.122460
0.272642
0.840530
3.263335
0.109702
0.099773
0.362724
0.422439
1.287434
0.465637
0.088958
0.044849
0.757464
1.190343
0.024677
0.029100
1.000549
0.096731
1.346591
0.137886
0.242215
0.124839
0.483248
0.066455
1.000027
0.386843
0.071190
0.180098
1.802221
0.134008
0.573686
0.105379
0.532724
0.342941
0.104477
0.956725
0.565442
0.609474
0.274800
0.459507
0.185828
0.440711
0.580586
0.047476
0.339937
0.664083
0.079570
0.221687
1.209200
0.041396
0.457080
0.174699
0.178627
0.123419
0.271798
0.090208
0.708219
0.401539
0.315122
0.655076
0.773598
0.081299
1.264439
0.292221
0.519825
0.057604
0.174788
0.195540
0.839066
0.632627
1.293546
0.066015
0.180943
0.472915
0.120571
0.797172
0.212844
0.224233
0.084263
0.148944
0.290669
0.701696
0.402043
0.675958
1.805429
1.785038
1.184007
0.655398
0.371062
0.234100
0.308663
0.186297
0.371105
0.239718
0.700476
0.093382
0.336364
0.024937
0.340643
0.180459
0.727249
0.271327
0.278129
0.036350
0.015456
0.512104
1.009002
0.236700
0.001157
0.011210
0.503565
0.292740
0.748967
0.103658
0.101926
0.691909
0.086632
0.047568
0.326747
0.574399
0.312392
1.409969
2.561089
2.235399
0.193757
0.688518
0.086536
0.832854
0.795615
0.529153
0.060466
0.413691
0.037229
0.388868
0.501100
0.053899
0.100125
0.346582
0.326301
0.101540
0.369259
0.060544
0.493019
0.177329
0.179254
0.833974
0.024578
0.308432
1.161993
0.375115
0.077362
0.228437
0.315680
0.073893
0.219486
0.778873
1.081671
0.361004
0.458561
0.571885
0.091470
0.626300
0.139984
0.136518
0.147048
1.048277
0.208612
0.286589
0.236708
0.858614
0.483865
1.147841
1.362713
0.141848
0.110257
0.134439
0.030072
0.141089
0.595577
1.615572
0.742733
0.914660
0.198174
0.138361
1.883143
0.573685
0.015810
0.989967
0.109547
0.499100
0.391871
0.226228
0.212092
0.774403
0.461746
0.458759
0.546245
1.441172
0.018726
0.021322
0.722881
0.534744
1.415580
0.600182
1.170766
0.074801
1.364222
1.637594
0.242913
0.498220
1.279888
0.086234
0.317709
0.143778
0.255537
0.296333
1.347332
0.282178
0.184858
0.069165
0.032393
0.956544
0.339744
0.262486
0.510652
0.050460
0.004479
0.181558
0.020406
0.023378
0.212509
0.815904
0.606162
0.169346
0.349924
0.466102
0.277779
0.288143
0.420249
0.833160
0.035655
0.337833
1.744575
0.387302
0.675634
0.230718
2.143776
0.559698
0.806965
0.175014
0.811545
0.996184
0.079913
0.175372
0.158765
0.774601
0.248650
0.164929
0.048298
0.282659
0.197748
0.288411
0.134754
0.014791
0.646615
0.672739
0.504563
0.082358
0.097766
0.114058
1.647393
0.141467
0.593968
1.347053
0.769826
0.286562
0.179782
0.738779
0.058133
0.054303
0.034749
1.217907
1.698758
0.120937
0.116792
0.136298
0.001215
0.458320
0.366541
0.049636
0.016241
0.936140
0.380524
0.156128
1.041226
0.149500
0.003910
0.357531
0.264075
0.102525
0.627293
0.233587
0.282663
0.263779
0.182373
0.122547
0.936035
0.467796
2.262945
1.561291
0.619908
0.028980
1.014109
0.565216
0.158148
0.039922
1.236719
0.159816
0.564864
0.285712
0.229503
0.616939
0.165300
1.155872
1.887092
0.085325
0.086791
2.094355
0.550890
0.421587
0.093302
0.241060
1.431362
0.460717
0.786272
0.142851
0.855795
0.508994
0.969527
0.826685
0.451484
0.418188
1.000902
0.310940
0.139744
0.073129
0.388053
0.086899
0.263520
0.122110
0.451704
0.751950
1.298633
1.045030
0.567612
1.164296
0.016883
0.910086
1.091963
0.603529
0.261837
0.029678
0.043570
0.215812
0.538937
1.043474
0.456972
0.326102
0.361405
0.303687
0.169628
0.057845
0.011094
0.082796
0.424683
0.154467
0.170312
0.059459
0.276958
0.599200
0.199347
0.010162
0.323191
0.146734
1.133798
0.084039
0.085331
1.327080
2.460900
0.022653
0.497892
0.255724
0.053750
0.625912
0.694991
0.716915
0.445740
0.215377
0.137685
0.055223
0.817894
0.375821
0.120281
0.877649
0.571307
0.771189
0.048760
1.748133
1.142606
0.365135
0.551330
0.128771
0.386463
0.077786
0.328289
0.285269
0.177472
0.508430
0.226610
0.172303
0.573743
2.647898
0.588624
0.767375
0.617224
0.292411
0.394935
0.177593
0.786976
0.772774
0.258356
0.455623
0.189324
0.480298
0.276798
2.790291
0.258307
0.364944
1.689512
0.179561
0.018466
0.502469
0.376196
0.427360
0.752555
0.005095
0.004711
0.039951
0.522645
0.234041
0.229666
0.200968
0.230055
0.031027
0.061348
0.040491
0.349546
0.541709
0.236401
0.175303
0.297437
0.757674
1.120819
0.721076
0.253420
0.191977
0.713165
0.807394
0.906615
0.646822
0.054226
1.032302
0.222880
0.499212
0.296859
0.074059
0.513164
0.305421
0.120694
0.171308
0.888647
0.437045
0.485197
0.111378
0.514907
0.666913
0.162506
0.078848
0.253829
0.530987
0.291366
0.936910
0.285019
0.204244
0.470863
0.892193
0.530921
0.230904
0.501424
0.337708
0.050235
0.665800
0.226425
0.303714
0.229026
0.835434
0.449373
0.004604
0.156687
0.823528
0.177805
0.052640
0.247265
1.264874
0.178065
0.016814
0.534799
0.430309
0.098591
0.028259
0.131545
0.484567
1.158411
0.548042
1.561029
0.358166
0.344501
0.470952
1.065645
0.070258
0.053331
1.884032
1.008836
0.313079
0.282952
0.133627
0.162363
0.012697
0.139649
0.395156
0.893258
0.391471
0.519547
0.125900
0.311122
1.457935
0.147634
0.063982
0.370059
0.285135
0.096225
0.701760
0.028399
0.039781
0.272443
0.005606
0.443291
1.250611
0.485459
0.316736
0.025176
0.640852
0.295437
1.239307
0.104001
1.053142
0.081649
0.312808
1.168505
0.250725
0.005715
0.665602
1.384606
0.535873
1.590313
0.255872
0.462455
0.120468
0.367679
0.067552
0.523108
0.594921
1.062827
0.608616
0.739665
0.178864
0.627810
0.223259
0.123432
0.205012
0.884221
0.155890
0.030301
0.161177
0.101669
0.141576
0.083541
0.203729
0.621813
0.029479
0.652832
0.641921
0.787746
0.548751
0.239517
0.696226
0.034593
2.069215
1.685476
0.442775
0.058507
0.476450
0.166509
2.359326
0.191605
0.028525
0.172522
0.017001
0.268585
0.357250
0.230856
0.140520
0.753487
0.279831
0.367569
1.640628
0.562261
0.561088
0.176255
0.244578
0.657792
0.013216
0.058202
0.371985
0.589450
0.337166
0.161697
0.711955
0.321755
0.138506
0.212891
0.439718
0.970130
0.497106
0.429077
0.095982
0.578287
1.011971
0.116656
0.053257
0.237753
0.431245
0.212355
0.085305
0.003254
1.007203
0.063501
0.572350
0.389385
0.269225
0.035499
0.159217
0.292088
0.098264
0.798481
0.072407
0.552704
0.038333
1.122379
0.077439
0.189720
0.137738
0.651829
0.094425
1.023095
0.181576
0.212899
0.406204
0.094604
0.404668
0.535377
0.400161
0.071206
0.001648
0.614928
0.074961
1.019691
0.877042
0.859918
0.264597
0.139382
1.101102
0.575426
0.578730
0.035137
0.328044
0.858884
0.667394
0.404754
0.626898
1.061243
1.022728
1.554666
0.469178
0.021855
0.874761
1.222360
0.246755
0.240920
0.044763
1.444484
0.020205
0.505921
0.040119
0.021921
0.210886
0.121882
1.219696
0.093798
0.018971
0.195564
0.267502
1.306409
0.003684
0.052708
2.604608
0.335167
1.266521
0.657118
0.022178
0.504153
0.472842
1.227081
0.446449
0.124434
1.571335
0.269506
0.071685
0.212594
0.802301
0.123719
0.171752
0.912044
0.967767
0.229292
1.066550
0.111427
0.438714
0.790708
0.231669
0.485612
0.062795
0.768913
0.397095
0.066973
1.082287
0.391084
0.475734
0.819392
0.160039
0.535321
0.290756
1.083562
0.423472
0.015993
0.055918
0.375504
0.297245
0.136808
1.037573
0.141969
0.306778
0.090270
0.044865
0.188607
0.380716
1.710983
0.360773
0.062301
0.717046
1.080625
0.670722
1.058849
0.554288
0.168846
0.002534
0.405034
0.883549
0.482322
0.223891
0.054394
0.161546
0.809502
2.235880
0.939869
0.896032
0.049569
0.235385
0.165323
0.203052
0.143802
0.376158
0.785918
0.268176
0.476669
0.056342
1.479458
0.436017
0.484537
0.033752
0.210468
0.351988
0.814334
0.126325
0.096402
0.047372
0.129589
0.655646
1.260161
0.939300
0.047972
0.011453
0.065789
1.119284
0.005641
1.764386
0.648726
0.055802
0.212430
0.004174
0.289338
0.453268
0.385057
0.131785
0.005632
0.082194
0.206443
1.601086
0.661165
1.595008
0.012455
0.040092
0.312010
0.881330
0.178562
0.510229
1.255459
0.376055
0.231096
0.911231
0.235662
0.309561
0.986706
0.345689
0.219231
1.028787
0.317225
0.042640
1.904682
0.846170
0.047187
0.269954
0.265506
0.493219
0.523333
0.275123
0.754083
2.177465
0.241053
0.358895
1.459251
0.261383
0.444855
0.263985
0.134288
1.101548
0.025525
0.083819
0.270787
0.272250
2.460787
0.789924
1.066216
0.961153
0.173438
0.134871
0.647254
0.719597
0.191487
0.608368
0.432315
0.262316
0.064487
2.343384
0.017982
0.734613
0.267197
0.841030
0.707456
0.796030
0.197397
0.607076
0.113837
1.234947
0.060089
0.289150
0.817238
0.088970
0.450071
0.126231
0.437185
0.441187
0.008628
0.312115
0.289848
0.185688
0.603238
0.090700
0.037953
0.009550
1.018971
0.527617
0.278562
2.339190
0.514551
0.310386
0.714815
0.029158
0.161814
0.364548
0.959146
0.461482
0.124676
0.029216
0.364975
0.203182
0.342497
0.195051
0.343522
0.046823
0.394968
0.041590
0.562882
0.414178
0.392785
0.061382
1.033554
0.140446
0.165243
1.464456
0.153133
0.081924
0.456191
0.587133
0.076479
0.137947
0.083278
1.163629
0.176736
0.280976
0.272443
0.081787
0.016554
0.511919
0.116379
0.399957
1.838835
0.607956
1.034330
0.319005
0.787411
0.272167
0.400891
0.316074
2.037420
0.050248
0.438629
0.970549
0.208138
1.003109
0.812272
0.463562
0.008386
0.256608
0.174966
0.086265
0.514364
0.297728
0.031419
1.409150
1.054309
0.327923
0.047809
1.210460
0.064931
0.177512
0.309756
0.050740
0.001204
0.204314
0.419849
0.793251
0.703676
0.063706
0.153202
0.670115
0.121189
0.941901
0.451525
0.405675
0.624995
0.253472
0.087208
0.654898
0.802472
0.303775
1.097279
0.291373
1.171733
1.492858
0.240577
0.763008
0.281493
0.320391
0.591693
0.401790
0.739123
0.084537
0.523169
0.744423
0.337645
0.122271
0.421667
0.141314
0.205164
0.896793
2.080716
0.401267
0.572265
0.432660
0.056893
0.251362
1.880721
0.155716
0.066905
0.747717
0.641723
0.006966
0.122622
0.492987
1.652934
0.457416
0.263414
0.250294
0.037650
0.054508
1.460344
0.930550
0.149768
0.451788
0.482301
0.692805
0.835176
0.104492
2.764362
0.080311
0.011240
1.967230
0.602310
0.608454
0.409953
0.824465
0.052111
0.384233
0.039168
0.126942
0.187074
0.800402
0.135940
0.377098
0.276858
0.112439
0.069073
0.900042
0.452197
0.112550
1.390308
0.389697
0.023578
0.109599
0.073206
0.546704
1.465591
1.478420
0.960431
1.429683
0.050686
1.042724
1.282876
0.796284
0.433279
0.329533
0.463603
0.567500
0.009562
0.569231
1.165469
0.201036
0.325001
0.075905
0.985487
1.167271
0.209454
2.288145
0.669439
1.385877
0.106145
0.563290
0.325776
0.135467
1.030593
0.477206
1.162723
0.855634
0.413887
0.704842
0.717865
0.538497
0.499195
0.577904
0.304384
0.118578
0.091879
0.031109
1.102319
0.103392
0.673557
0.786324
0.364772
0.122928
1.354181
0.237850
0.064548
0.161199
0.229637
0.979393
0.119787
0.409954
0.382677
0.588505
0.796932
0.261725
0.183191
0.600524
0.128667
1.019116
0.303394
2.252617
0.376579
0.045197
0.560653
2.103285
0.176598
0.922606
0.023244
0.103678
0.014618
0.769570
1.950409
0.395583
0.001703
1.221664
1.296700
0.066486
0.104570
0.173711
2.051616
0.256878
0.958731
0.365228
0.049113
0.524742
1.300757
0.255679
0.214625
0.082868
0.157396
0.814573
0.076388
0.802681
1.105147
0.845933
0.766900
0.104061
0.536228
0.885126
0.235131
0.580209
0.477444
0.219203
0.132849
0.481880
0.156032
0.086322
0.679446
0.305123
0.300791
0.648292
0.977864
0.181977
0.140417
1.519267
1.550078
0.093578
0.217252
0.181174
0.195349
0.487058
0.057068
0.312832
0.273794
3.158651
0.164890
0.115300
0.102951
1.396402
0.018152
0.411911
0.490943
0.526051
1.239567
0.978523
0.156905
0.101823
0.008720
0.006237
0.512261
0.316821
0.671487
0.346144
0.744542
2.060713
0.300435
0.653517
0.083892
0.815023
0.016954
0.324928
0.278045
0.076111
1.432114
0.942630
0.075061
0.126731
0.027837
0.196880
0.088752
0.047049
1.089004
0.775673
0.674698
0.812065
0.520307
0.004997
2.177828
0.545398
0.011297
0.494697
0.071586
0.716217
0.068350
1.191987
0.683347
0.433076
0.506945
1.148877
0.241859
0.555141
0.236921
0.830539
0.834957
0.193102
0.536876
1.509345
0.392915
0.623143
0.161910
0.613622
0.810338
0.089176
0.341537
0.391359
1.694678
0.076401
0.402356
1.533459
0.819310
0.427979
0.435699
1.399652
0.205036
0.617906
0.938541
0.042479
0.170425
0.330979
1.980724
0.557901
0.084028
0.221863
0.329290
1.697068
0.567732
0.075813
1.247874
0.126149
0.959068
0.107950
1.328822
0.532620
0.221223
0.276540
0.110444
0.195638
0.417962
0.695103
0.162341
0.232829
0.197337
0.979057
0.186566
0.543090
0.419986
0.086219
0.681183
0.972848
0.514378
0.645328
0.376937
0.797871
0.043471
0.005973
0.721269
0.717735
0.082770
0.571655
2.099277
0.002850
1.041414
1.231785
0.540934
0.132608
0.207526
0.980319
0.406829
1.183403
0.471070
0.897910
0.163210
1.376839
0.590266
0.445706
0.456652
0.151338
0.689784
0.209845
0.062937
0.247855
0.035028
0.521685
0.104191
0.081806
0.538829
1.515950
1.220494
0.836116
0.501216
1.140940
0.851480
0.355082
0.837729
0.325902
0.676229
0.082716
0.206340
0.177027
0.030243
1.481469
0.070880
0.205634
1.079849
0.871644
1.309427
0.330285
0.045081
0.562621
0.874905
0.114387
0.034293
1.121461
0.956035
0.146777
0.022907
0.358550
0.115441
1.581553
0.195786
0.913738
0.967632
0.076496
0.213562
0.551900
0.484790
0.046613
0.859803
1.595676
0.244838
1.058282
1.188745
0.366305
0.122149
0.784765
0.211104
0.077660
0.160999
0.281604
0.855418
0.053511
0.504082
1.083910
2.684962
0.334068
0.075391
0.020477
3.547697
0.212424
3.066970
0.195173
0.102475
0.960180
0.312782
0.380638
0.368902
0.044852
0.486355
0.209807
0.022855
0.004580
0.125679
1.517224
0.375881
0.289018
0.680812
1.031264
0.437167
0.009620
0.180835
0.257204
0.064229
1.395165
0.169641
0.061590
0.277507
0.279031
0.084814
0.276786
0.743199
0.083531
0.689729
1.598637
0.003663
0.119970
0.338692
0.376593
0.177712
0.060518
1.027223
0.210649
0.065691
0.049408
0.175279
0.527177
0.380812
0.020130
0.371642
0.061622
0.030149
0.879949
0.365008
0.098656
0.727365
0.819477
0.174751
0.106889
0.132960
0.299812
0.480618
0.003671
0.464227
0.227747
1.697223
0.473549
0.432787
0.306703
0.076151
1.053156
0.424895
0.006597
0.125591
0.594727
0.056695
0.364723
0.213238
0.511230
0.407413
1.026478
0.705793
0.478296
0.601291
0.160338
0.792047
0.313792
0.041777
0.047061
0.537339
0.188190
0.389146
0.161601
0.193547
0.078705
0.513663
0.169427
0.708956
0.125018
0.685035
1.146572
0.052426
0.191661
1.216110
0.194054
0.007059
0.009773
0.914684
0.224093
0.538887
0.252728
0.132543
0.268834
0.006325
1.347385
0.585968
0.823663
0.254216
0.735692
1.137792
0.029426
0.043898
0.288192
0.202727
0.259618
0.438197
1.851762
0.589541
0.208895
0.109446
0.288438
0.137581
0.175583
0.706847
0.082856
0.480897
0.736528
0.094411
0.305580
0.070776
0.891045
0.962238
0.226947
0.142247
1.007266
0.176407
1.389013
0.560510
0.595123
0.615897
0.423518
0.699198
0.785789
0.004717
0.045145
0.109892
0.449604
0.031841
1.102488
1.363673
0.149397
0.198821
0.096282
0.404190
0.044336
0.198650
0.094500
0.967687
0.346508
0.496441
2.195844
0.201470
0.330379
0.217295
0.432863
0.215513
0.524571
0.363965
0.012254
0.212030
0.127655
0.452584
0.051916
0.008882
0.464328
0.102257
0.120982
0.110338
0.141615
0.055277
0.071145
0.351540
0.283485
0.183932
0.030599
0.364503
0.504830
0.131707
0.233597
0.072855
0.986890
0.223817
0.314841
0.211262
0.624715
0.023804
0.593340
0.225567
0.414582
0.634661
0.616717
0.777735
0.188806
0.823394
0.821282
1.259247
2.432540
0.010832
0.062466
0.136523
0.067391
0.143890
0.681062
0.409187
0.408067
0.812901
0.039773
0.107537
0.017722
0.298651
0.199575
1.131162
0.831862
0.795674
0.137548
0.371064
0.925252
1.368756
1.090157
0.260798
0.531015
0.452803
0.108666
1.732873
0.257949
0.000928
1.095385
0.251532
0.011781
0.002814
0.502926
0.080894
0.147645
0.237529
0.615896
0.839787
0.100078
0.767849
0.003545
0.121813
0.133548
0.204869
0.059454
0.023005
0.071084
0.217405
0.420671
1.851828
0.169755
0.304276
0.240467
1.424760
0.026471
0.430347
1.208876
0.303119
0.432545
0.802344
0.948314
0.460993
0.816506
0.331011
0.696460
0.031121
0.991498
0.307984
1.035305
0.022363
0.140239
1.064134
0.150526
0.325981
0.122396
0.232664
0.371112
0.215128
0.644918
0.048704
0.196539
0.006322
0.397785
0.613481
1.547149
0.458448
0.167003
1.003361
0.028203
0.993654
0.546244
1.175730
0.312939
0.316759
0.246299
0.122221
0.377110
0.144713
0.564651
0.258350
0.174812
1.271172
0.167366
0.404849
0.255659
0.348179
1.309187
1.290102
0.952778
0.527435
0.008601
0.096965
0.545810
0.417047
1.073226
0.482505
0.090746
0.091392
0.331399
0.124756
0.015223
0.080796
0.067102
0.341792
0.481809
0.361341
0.622493
0.080151
0.725914
0.246163
0.401064
0.031420
0.185615
0.904241
0.478443
0.619645
0.206018
0.391527
0.503452
0.104719
0.108304
0.527356
0.227257
0.979789
0.122592
0.142739
0.325142
0.241779
0.268411
1.644317
0.463464
0.294741
0.059339
0.654335
1.411569
0.655402
0.140103
0.528691
1.053959
0.005141
0.021158
0.281179
0.036896
0.216583
0.154782
0.580854
0.031980
0.463086
0.130709
0.596366
0.787261
0.276514
0.214098
0.086069
0.166952
0.417074
0.260845
0.717700
1.489635
0.862649
0.644902
0.403049
0.155486
0.905721
0.166495
0.116500
0.418484
0.374960
0.984780
0.294833
0.385906
1.160955
1.042221
0.469474
0.146154
0.076492
0.175495
0.189473
0.684797
0.373327
0.006050
0.386835
1.506391
0.223412
0.596715
0.133758
1.302513
0.054519
2.857221
1.040797
1.296358
0.638948
0.279895
0.106874
0.408176
0.622215
0.255658
0.066730
0.136883
0.151077
0.422479
0.751000
0.088780
0.295339
0.244105
0.269056
0.443250
0.573303
0.657580
0.203003
0.116810
0.680499
1.029340
0.086690
0.054873
0.421053
0.250359
0.015249
0.558136
0.247645
1.178552
0.455260
0.059382
0.203216
0.780641
0.554244
0.023479
0.105625
0.792079
0.167990
0.300014
0.227305
0.032364
0.475821
0.833937
0.297969
0.015253
0.254794
0.070345
0.716930
0.660162
0.207438
0.351809
0.464851
0.345335
0.469712
0.095899
1.115896
0.509693
0.938751
0.166528
0.393169
0.294135
0.251473
1.053786
0.133839
0.033709
1.290749
0.276931
0.983325
0.117672
1.045666
0.127691
0.158988
0.337036
0.018712
0.638870
0.367418
0.286340
0.957216
0.165663
0.092526
0.106691
0.773789
0.744203
0.587064
0.252409
1.485956
0.438026
0.018108
0.794384
1.008125
0.433819
0.137571
0.151973
0.306729
0.322543
0.198225
0.241333
1.154583
0.103740
0.448938
0.750591
0.266153
1.001039
0.155649
0.298448
0.441282
0.775396
1.083460
0.288887
0.036258
0.027973
0.498487
0.973106
0.882104
0.194243
0.146227
0.751352
1.179543
0.170639
0.425831
0.739950
1.017028
0.840550
0.017523
0.198541
0.170691
0.224501
0.619948
0.105280
0.398262
0.180594
1.705664
1.633201
0.092020
0.133618
0.264952
0.701978
0.011341
0.176063
0.107359
0.048463
0.216329
0.869307
1.493510
0.099162
0.079002
0.113533
1.577573
0.026514
0.338903
0.378217
0.868598
0.224291
0.211174
0.977466
0.584283
0.502161
0.124334
0.255224
0.867433
0.733248
0.606887
0.781703
0.656752
1.024063
0.012703
0.076845
0.490949
0.024340
0.289259
0.853610
0.075347
0.781490
0.514823
0.046854
1.759735
0.777997
0.173069
1.313830
0.918381
0.768223
0.306628
0.546297
0.079101
0.812046
0.370204
0.902453
0.286897
0.679810
0.134125
0.150682
0.359241
1.392004
0.026053
0.139614
0.828352
0.039444
0.243958
0.285141
0.065835
0.872532
0.146022
0.152760
0.478368
1.132313
0.217482
0.441235
0.577832
0.518237
0.360766
0.373084
0.281193
1.795121
0.105653
0.429571
0.746534
0.625102
0.265501
0.119087
0.305135
0.521024
0.319449
1.741813
0.440314
0.370011
0.119723
0.251025
0.456590
0.456936
0.884054
0.640290
0.276169
0.043111
2.112805
0.020543
1.925466
0.206317
0.492410
0.545161
2.048949
0.075694
0.105182
0.266829
0.059896
0.239167
2.303541
1.095576
0.049214
0.257085
0.052761
0.399848
0.025263
0.424634
0.366816
0.503586
0.050003
0.659832
0.014952
0.591958
0.201589
0.978807
0.268967
0.705713
1.418629
0.256606
0.795940
1.263828
0.672625
0.274914
0.438590
0.641721
0.414411
0.743073
0.073359
0.564017
0.083584
0.067613
0.415680
0.142297
0.375902
0.546349
0.800276
0.431087
0.135223
0.191402
0.119450
0.201831
0.026083
0.138514
0.013199
0.241147
0.053109
0.291787
0.074737
0.021551
0.927441
1.368972
1.639578
0.437399
0.221776
0.395254
0.182622
1.273505
0.192936
0.292088
0.455671
0.321308
0.420727
0.088702
0.639646
0.051239
0.877951
0.366965
0.562209
0.033182
0.910185
1.093134
0.252372
1.098493
0.069419
0.274431
0.158382
0.130945
0.999362
0.264102
0.159132
0.615536
0.212044
0.133894
0.172003
0.608497
0.760063
0.454467
0.491169
0.053491
0.020141
0.126532
0.428473
0.468754
0.243995
0.176419
0.611747
0.120011
0.849929
0.239791
0.162588
0.532576
0.156413
0.560336
0.392836
0.253960
0.050647
0.845553
0.495317
1.619853
0.128105
1.157573
0.552585
0.423913
0.073194
1.608440
0.161161
1.247440
0.407055
1.156828
0.009567
0.453725
0.066584
0.451312
0.114610
0.357515
1.111912
1.207573
0.644061
0.617381
0.172376
0.000906
0.226609
0.410748
0.563122
1.196296
1.590804
0.739388
0.644207
0.442323
0.660081
1.501007
0.335094
0.256876
0.369038
0.489836
0.224453
0.798515
0.390508
1.254438
0.599665
0.411641
0.361895
0.866612
0.084510
0.636367
0.203315
0.024234
0.497912
0.030045
0.706132
1.276708
0.031008
0.064388
0.329287
0.665682
0.014939
0.290706
0.354604
0.700661
0.014216
0.137794
0.608769
0.363269
0.514489
0.128098
0.075985
0.002155
0.011897
0.574498
1.281599
0.640277
0.139895
0.288154
0.394172
0.255050
0.085967
1.058101
0.296088
0.776876
1.388960
0.113630
0.620200
3.098478
0.195867
0.107304
0.661843
0.218132
0.502608
0.138413
0.056742
0.542453
0.329555
0.833863
0.098303
0.066947
0.019024
0.192443
0.069412
0.031388
0.001260
0.026996
0.763845
0.141562
0.337253
0.199021
0.519425
0.522855
0.116520
0.048815
0.287331
0.078742
0.175704
0.079988
0.077552
0.484344
0.208499
1.049911
1.824302
1.844697
0.063539
0.042373
0.506785
0.460682
1.115501
0.845230
0.649767
1.329011
0.072534
0.972315
2.342114
0.073991
1.201316
0.742999
0.242358
0.255506
0.053843
0.015367
0.024947
0.185508
0.065785
0.332546
0.304107
0.272006
0.502028
0.457336
0.020414
1.836266
0.323966
0.007038
1.493890
0.453429
0.050038
0.441767
0.110469
2.203627
0.257287
1.298981
1.248842
0.385319
0.762858
1.195625
0.561712
0.588917
0.573180
0.030386
0.048347
0.766929
0.046732
0.075898
0.049505
0.119453
0.492566
0.399191
0.499967
0.150701
0.080845
0.557525
0.133814
0.491975
0.579307
0.101921
0.125757
0.760052
0.737211
0.272891
0.732934
0.095177
0.212466
0.580532
0.620000
0.068896
0.452344
0.243434
0.859559
0.162547
0.293866
1.220595
0.031917
0.381402
0.027640
0.084863
0.685513
0.570326
0.612168
0.237609
1.411812
0.966692
0.025832
0.096439
0.328418
0.666718
0.223008
0.608509
0.364637
0.070157
0.066480
0.169041
0.181382
0.318086
1.819292
0.007489
0.457404
0.420873
0.255677
0.272520
0.937296
0.931298
0.202576
1.195277
0.237708
0.244617
0.033351
0.066496
0.034832
0.736084
0.349359
0.003967
0.491636
0.402743
0.101255
0.056822
0.170935
0.391698
0.833834
0.823312
0.560526
1.372975
0.049448
1.915511
0.260858
0.035144
2.493798
0.002961
0.506561
0.250021
0.277638
0.330339
0.136053
0.711917
0.248725
0.479338
0.078979
0.304813
0.675709
0.120023
0.128750
0.139794
0.125072
0.958433
0.797359
0.259288
1.613933
0.045287
1.476147
0.738485
1.121658
0.486223
0.614618
2.213842
0.458340
0.060509
0.028779
0.449881
0.063852
0.590208
2.164855
0.394799
0.097004
0.127481
0.182054
0.419976
0.921487
0.300100
0.012512
0.437072
0.546374
0.144997
0.876326
1.085857
0.055279
0.488712
0.171704
0.033617
0.619479
0.136187
0.906066
0.463433
0.984036
0.392827
0.448570
0.308491
0.536708
0.522344
0.027632
0.752646
0.208552
0.020720
0.195796
0.364279
0.154383
0.496052
0.044778
0.056753
0.041964
0.058479
0.585724
0.683655
0.224794
0.363630
0.498787
0.314406
0.075696
1.274737
0.379427
0.951246
0.087360
0.229822
0.303495
0.010398
1.219035
0.024216
0.327937
0.422953
0.594503
0.382618
0.214530
0.018603
0.428267
0.558744
0.403627
0.919474
0.179842
0.510245
1.481307
0.241124
0.693066
0.508607
0.068377
0.059431
0.084309
0.711565
0.432376
0.175245
0.571155
0.058627
0.079182
0.920139
0.326131
0.459989
0.989559
0.248629
0.523129
0.209900
1.643523
0.210970
1.050219
0.186631
0.239622
0.301622
2.080723
1.364132
0.174057
0.168800
0.426951
0.138732
0.553007
0.195935
1.063041
0.797126
0.286597
0.018261
0.405944
0.007618
0.201375
0.135183
0.067202
0.325026
0.040673
0.464304
0.041394
1.406165
2.857022
0.651352
0.166170
1.601213
0.037594
0.087387
0.157939
0.301817
0.475078
0.147365
0.245386
1.189194
0.390209
1.636348
0.081023
0.118438
0.168649
0.015381
0.003940
0.641115
0.034224
0.414862
0.669140
0.253482
0.806547
0.995593
1.042370
1.055389
0.315897
1.551820
0.854053
0.312804
0.574930
0.053541
0.276171
0.704779
0.151839
0.594135
0.117183
1.040602
1.503083
0.454130
0.762825
0.338937
0.409209
1.344992
0.607373
0.932730
1.640534
0.620776
0.419384
0.014493
0.160720
0.182253
0.277779
0.039319
0.092519
0.179703
1.544819
0.507076
0.148545
0.742004
0.053990
1.409564
1.039003
0.374070
0.595513
0.073509
0.125518
1.177039
0.006007
0.094688
0.348371
0.791062
0.546559
0.031291
0.648373
0.229468
1.181378
0.583968
0.041207
0.320844
0.632147
0.218482
0.754927
0.077632
0.280735
1.478112
0.295042
0.242345
0.440070
0.606578
0.085622
0.581783
0.515128
0.016368
0.120643
0.207133
0.092519
0.286696
0.139985
0.099755
0.469416
0.685187
1.851092
0.159927
0.821633
0.605181
0.513318
0.623252
0.247888
0.638092
0.102952
0.057405
0.038929
1.678302
0.145359
0.351129
1.221681
0.598653
1.097521
0.344983
0.256026
0.023562
0.102920
0.022405
0.040733
0.255763
0.241440
0.141953
0.906421
0.493343
0.279335
0.295048
0.233546
0.258222
0.635539
0.099122
0.055617
0.224130
1.114307
0.342762
0.042867
0.040828
0.463977
0.085433
0.022268
0.972148
0.541763
1.569682
0.404734
0.399527
0.303573
1.557721
0.453512
0.512402
3.763368
0.561215
0.021221
0.241004
1.273439
1.053360
0.004847
0.215164
0.195847
0.241302
0.699317
0.022269
0.413517
0.977154
0.259447
0.303465
0.218874
0.333723
0.381131
1.598916
0.516480
0.430130
0.846577
0.182388
0.381396
0.231786
0.968600
2.242992
0.197714
0.300895
0.496947
0.197314
0.067727
0.556489
0.616403
0.024782
0.399015
0.633233
0.253799
1.035238
0.053236
0.081922
1.247085
0.544809
0.004754
0.194494
0.063141
0.226259
0.828369
0.527810
0.195134
0.301917
0.130015
0.074938
0.711345
0.719023
0.356831
0.477034
0.695840
0.906268
0.034674
0.239995
0.088864
0.107637
0.027033
1.025355
0.138559
0.461174
0.445227
0.510958
0.323409
0.586447
0.783240
0.250211
0.218621
0.806434
0.629359
0.320105
0.089958
0.372454
0.066676
0.334505
1.920084
0.218334
0.493048
0.668648
0.061888
0.073741
0.217144
1.011588
1.822583
0.271737
0.143159
0.073504
0.474603
0.179487
0.004051
0.965463
1.171822
0.455154
0.341679
0.239270
0.169930
0.168648
0.743694
0.514051
0.045503
0.336692
0.061159
0.144940
0.007680
0.137202
0.672444
2.537754
0.450441
0.228170
0.656889
0.619302
0.350110
0.043581
0.431347
0.324476
0.349325
0.877093
0.476114
0.061477
0.068803
0.486680
1.764770
0.016562
0.124095
0.313458
0.266275
0.354555
0.697294
0.103470
0.081396
0.913338
0.564978
0.154192
0.047540
0.589143
0.351944
0.886362
0.579096
0.052198
0.109409
0.269908
0.828638
0.602078
0.347190
0.244955
0.097680
0.001683
0.120572
0.784103
0.063380
0.209906
0.267021
0.047011
0.235331
0.501958
0.405402
0.776306
0.076271
0.183770
1.849223
0.172450
0.079273
0.528050
0.407178
0.135456
0.211090
0.032225
0.034914
0.015400
0.088100
0.153248
0.296628
1.768359
1.662578
1.479131
0.221747
0.076281
1.512588
0.424878
1.352099
0.036557
1.234385
0.212971
0.087321
0.171754
1.966225
0.628937
0.041163
0.064987
0.011791
0.027897
0.266868
0.093119
0.612865
1.764509
0.261483
0.026090
0.016822
0.321880
0.042328
0.108229
0.670974
0.376074
0.090476
0.606502
0.323837
0.370890
0.929565
0.279473
0.050582
0.750893
0.345270
0.005797
0.066260
0.537845
0.179947
0.055197
0.234746
0.240049
0.128350
0.253738
0.285946
0.510812
0.419561
0.076576
0.471646
1.847453
0.107117
0.516048
0.298770
0.160112
0.911233
0.104436
0.811414
0.001953
1.109110
0.163834
0.374998
0.664748
0.614794
0.488881
0.359394
0.115514
0.504442
0.506362
1.002054
1.387283
0.676024
0.137152
0.192024
1.716180
0.507898
0.702116
0.467838
0.115208
1.133822
0.123165
0.099803
0.046763
0.990526
0.498185
0.225727
0.602736
0.855412
0.090736
0.609284
0.619767
0.294715
0.131969
0.295178
0.082994
0.968369
1.591362
0.222539
0.337851
0.452303
0.127089
0.280029
0.205180
0.312133
0.688618
0.181403
0.053921
0.348747
1.214968
0.184105
0.254259
0.069800
0.335668
0.334616
2.437767
0.063779
0.952565
0.590158
1.398777
0.008652
0.253056
0.524228
0.310425
0.495970
0.050127
0.477849
0.331765
0.027714
1.838129
1.868418
0.523795
0.111027
0.259593
2.127505
0.544539
0.082862
0.171305
0.725586
0.531944
0.112850
0.038296
0.027493
0.201985
0.413576
0.389789
0.196303
0.573583
0.249281
0.008839
0.485777
0.263606
0.267805
0.158059
1.028896
0.022411
0.228184
0.334443
0.376238
0.272655
0.310323
0.351571
0.036047
0.541662
1.203789
0.028477
0.196524
0.032369
0.211903
0.047545
0.632172
0.396474
0.089827
0.737186
1.059414
0.649412
0.187331
0.114413
0.263488
0.610517
0.125550
0.015806
0.060986
0.506324
0.179872
2.174927
0.570617
0.552159
0.321999
0.117467
0.046552
1.384019
0.626492
0.086259
0.456580
0.489503
0.120285
1.286872
0.580780
0.409661
0.007282
0.259242
0.056451
0.098555
0.096583
2.155827
1.182482
0.334845
0.106053
0.189650
0.107344
0.266516
0.212918
0.184110
0.025605
0.523372
0.174868
0.655587
0.190985
0.734703
1.405652
0.260763
0.614052
0.530980
0.416024
0.182569
0.163238
0.754037
0.130455
1.683983
0.206195
0.139929
0.231111
0.294118
0.274964
0.394579
0.282186
0.199535
0.017247
0.486966
0.517417
0.128811
0.018115
2.383346
0.383018
0.044691
0.511399
0.886784
0.846409
1.583816
0.458410
0.705034
0.226500
0.183625
0.263897
1.323424
0.475005
0.583392
0.615141
0.925476
0.530910
0.023401
0.045521
0.012296
0.337082
0.356704
0.422060
1.273611
0.913438
0.463133
0.392747
0.330630
0.889176
0.433378
0.322456
0.228036
0.547097
0.061481
0.109392
0.328109
0.038225
0.796578
0.135290
0.288023
0.054953
0.520869
0.228649
0.631762
0.204580
0.038872
0.410782
2.300901
0.064213
0.521036
0.007180
0.472011
0.085576
0.438923
0.380329
2.812097
0.104308
0.039926
0.327146
0.009784
0.534188
1.555920
0.243562
0.194027
0.036923
0.436273
0.811807
0.078201
0.238076
0.020348
0.436937
0.329771
0.580836
1.494642
0.111732
0.011547
0.012390
0.714627
0.006439
0.078325
0.261946
0.013713
0.705163
0.416314
0.472573
0.170244
0.412182
0.803895
0.227320
0.021285
0.854760
0.010999
2.931431
0.114490
0.210327
0.035394
0.772692
0.079028
0.119844
0.090522
0.102944
0.794314
0.522791
1.032231
0.684170
0.944473
1.131409
0.734721
0.469883
1.197017
1.232215
0.008609
1.372824
0.555665
0.436335
0.396119
1.602691
0.077539
0.212967
0.196359
0.102484
0.090694
0.212736
0.100743
0.231449
0.585464
0.144392
0.085580
0.904307
0.311766
0.194979
0.011223
0.150382
1.777657
1.128370
0.002616
0.857945
0.783314
0.746192
0.280601
0.601972
0.585764
0.295790
0.505005
0.223914
0.014567
0.101030
0.193157
0.094592
0.377293
0.518133
0.221344
0.594842
2.399461
0.388457
0.034261
0.572353
0.782717
0.126505
0.364700
0.147155
0.395330
0.388261
0.361496
0.364784
0.285735
0.366901
0.206305
0.128452
0.174838
0.729554
1.305568
2.106241
0.120466
0.413149
0.212459
0.139076
0.683811
0.549234
0.268229
0.160849
0.186868
0.741130
1.766215
0.180918
0.187749
0.018847
2.109466
0.054938
0.150913
0.349670
0.222371
0.822501
0.022020
1.034597
0.196425
0.325417
0.250134
0.543762
0.610301
0.583525
0.281504
0.499152
0.560286
0.517271
0.107730
0.010144
1.092087
1.399411
0.580300
0.180207
0.120528
3.265784
0.039245
0.102264
0.179873
0.245955
0.125489
0.169440
0.339226
0.329367
0.781562
0.953951
0.170880
0.896691
0.646076
0.476415
0.186978
0.063322
0.162382
0.008543
0.824270
0.615172
0.522683
0.328481
0.217256
0.923426
0.348235
0.137119
0.760222
0.104350
0.390947
2.711594
0.103453
0.481103
0.099564
0.335742
0.003257
0.257513
0.749132
0.345665
1.081450
0.418510
0.215930
0.095877
0.255917
0.039533
0.777575
0.623437
0.108440
0.034217
0.653813
0.001323
0.743505
0.237388
0.331037
0.067550
0.124386
2.130026
0.228027
0.000815
0.095725
1.196700
2.941796
0.224037
0.373941
0.097868
0.949204
0.380847
0.434090
0.492653
0.016373
0.313019
0.107635
0.241374
0.510526
0.451048
0.307108
0.279856
0.183276
0.530527
0.341372
0.018549
0.534361
0.156482
0.267554
0.075861
0.251342
0.503432
0.067710
0.716305
0.505665
0.178973
0.554325
0.501852
0.542403
0.109469
0.833667
0.358951
0.654210
0.248409
0.074773
0.717677
0.971861
0.202166
0.078259
0.343199
1.307681
0.462943
1.296744
0.133116
0.149020
0.272374
0.157462
1.228342
0.583556
0.576878
0.028313
0.043777
0.192234
0.100265
0.932632
1.555599
0.329463
0.361948
0.444499
0.078108
0.621997
0.255566
0.534795
0.291270
0.784434
0.794209
0.113759
0.522843
0.068672
0.214143
0.078422
0.028384
1.520310
0.036503
0.170489
0.117813
0.337081
0.409448
0.066312
0.098709
0.139614
0.098773
0.152572
0.413704
0.223896
0.057216
0.365188
0.927527
0.488111
0.056699
2.219025
0.204012
0.354017
0.517864
0.749304
0.177700
0.290610
1.957274
1.474963
0.420954
0.199065
0.048707
0.489483
0.164683
0.089100
1.222224
0.337206
0.530140
0.319621
0.476930
0.894262
0.629285
0.789957
0.050339
0.163391
0.084191
0.114017
0.797352
3.259445
0.877725
1.172934
2.160211
0.088492
0.265195
0.499480
1.396532
0.620200
0.037643
1.255525
0.537040
0.513101
0.142006
0.695569
0.154579
0.375243
1.229223
0.098714
0.009289
0.419750
0.527013
0.501410
0.256135
0.228965
0.278577
0.343227
0.519466
0.436296
0.602894
0.292774
0.434534
0.375086
0.213422
0.418928
0.585466
0.711602
0.111010
0.495357
0.317242
0.158468
0.396490
0.068585
1.222403
0.791760
1.057582
0.098733
0.194755
0.789500
0.221858
0.208531
0.224624
0.004934
1.828217
0.719338
0.236788
0.256530
0.150147
0.011837
2.051345
1.608744
0.314238
0.415205
0.334383
0.841087
0.070490
0.097753
0.425591
0.200682
0.820645
0.021914
0.460923
0.218305
0.093803
0.362291
0.080392
0.025881
0.593173
0.318513
0.929798
0.027237
0.836072
0.115434
0.032449
0.771665
1.735510
0.289968
0.103925
0.129589
0.311310
0.093854
0.104287
1.330047
0.664526
0.563380
0.681463
1.007818
0.960364
0.190761
0.109923
0.539067
0.223190
0.803656
0.006819
0.378703
0.189203
0.088411
0.435617
0.004880
0.501479
0.277414
0.032392
0.294721
0.499817
0.067090
0.131784
0.459272
0.416932
0.271817
0.883676
0.014763
0.446419
0.008814
1.598968
0.197099
0.591094
0.607420
0.106934
0.395813
0.010317
0.247068
0.115753
0.239406
0.105038
0.124364
1.212945
0.351119
0.240859
0.339785
0.361017
0.007804
1.256621
0.430152
0.308881
0.400345
0.606226
0.589714
0.082367
0.156100
0.059342
1.984201
0.176385
0.606035
3.275348
0.148136
0.014302
0.588769
1.605168
0.124708
0.136467
1.957981
0.471633
0.294861
0.223581
0.805026
0.547900
0.158837
0.181668
0.024599
0.724779
0.854310
0.032800
0.576515
0.251967
0.371530
0.134137
0.051783
0.122241
0.244844
0.228286
0.199345
0.229654
0.545039
0.015859
0.228524
1.264265
0.030629
0.030307
1.059635
0.164365
0.176676
0.982911
1.107327
0.679708
0.124564
0.587096
0.262899
0.339307
2.710692
0.305253
0.149207
0.842251
0.367420
1.426483
0.118060
0.022897
0.097782
0.184589
0.151670
0.415988
0.562344
0.446350
1.352205
0.207043
0.485997
0.178295
0.150066
0.571424
0.222171
0.074923
1.625357
0.534173
3.517468
0.955482
0.255090
0.123999
0.391529
0.826511
0.622951
0.386715
0.154251
1.758723
0.217732
0.770588
1.218927
0.414312
0.887843
0.047309
1.028047
0.048412
0.532238
0.396255
0.574011
0.443587
1.087311
0.181496
1.095173
0.078694
2.116754
0.141763
0.167588
1.466398
1.168069
0.166973
0.801763
0.180422
0.350133
0.209129
0.059078
0.121587
1.061721
0.236521
0.103014
0.132906
0.088826
0.052037
0.796701
2.510321
0.104819
0.552538
0.044789
0.929637
0.121742
0.731415
0.283166
0.054047
0.037808
0.193212
0.142566
0.030048
0.418964
0.380577
0.002546
0.318094
0.848535
0.814546
0.742739
0.193072
0.078737
1.081623
0.384143
0.013214
0.151868
0.640756
0.150214
0.276442
0.860814
0.028955
0.270738
0.005201
0.645636
0.350383
0.964003
1.416689
0.158875
0.169108
0.022312
0.211592
0.467579
0.172463
0.258228
0.096107
0.870341
0.262502
0.518613
0.512746
0.119344
0.271648
1.631247
0.221614
0.181359
0.344478
0.242352
0.417542
0.124412
0.515877
2.348290
0.021197
0.601792
0.262957
0.026624
0.276660
1.219658
1.184459
0.227970
0.102280
0.107449
0.263639
0.377550
0.806854
0.604522
1.354563
1.859093
0.373397
0.209162
0.485486
0.091659
0.403932
0.020648
0.069174
1.216517
0.211310
0.493228
0.175737
1.208630
0.939925
1.406447
1.159906
1.098640
0.510621
0.186034
1.413004
0.033505
0.126461
0.939212
0.281905
0.262518
0.020695
0.918653
1.394383
0.920678
0.390739
1.027503
0.849462
0.035420
0.120246
0.288487
0.134519
0.730401
0.325868
0.227135
0.569998
0.867306
2.426373
1.876019
0.662817
0.914980
1.241449
0.505402
0.651851
0.406361
1.466530
0.553160
0.485329
0.093308
0.363244
0.026769
0.432211
0.407026
1.116920
0.364084
0.254030
0.285602
0.246424
0.121327
0.350130
0.461752
0.530460
0.672439
0.231673
0.071198
0.055196
0.026176
1.564670
0.050856
0.013960
0.586591
1.376712
1.441504
0.197777
0.546463
0.346959
0.159730
0.203227
0.064799
0.293221
0.949851
0.095387
0.011328
0.261557
0.034442
0.387840
0.819087
0.348297
1.320602
0.010675
0.002639
0.379216
0.561944
0.682642
1.163564
0.824370
0.945933
1.533390
0.721880
1.458649
1.980710
0.303100
1.069431
1.295119
0.759966
0.395906
0.277026
0.028143
1.064184
0.395860
0.345005
0.657183
0.637584
0.367851
0.074646
0.773657
0.031172
1.444321
0.170472
2.262468
1.682987
0.174187
0.367781
0.511462
0.019816
0.275120
0.297254
1.094926
0.236298
0.119209
0.897845
0.221258
0.549367
0.629740
0.166047
0.297086
0.152702
0.615437
0.349294
0.077826
0.147117
0.000571
1.041720
1.854818
0.369043
0.007142
0.719204
0.436630
1.591392
0.026487
0.423822
1.288521
0.212141
0.048443
0.415583
0.242756
0.362350
0.006353
0.159197
1.113495
0.127286
0.056400
0.143661
1.110316
0.865435
0.379974
0.207334
0.044987
0.137397
0.923064
0.130805
0.341766
0.926693
0.055850
0.318084
0.227275
0.063842
0.132880
1.475178
0.040821
0.167718
0.366210
0.001202
0.498119
0.472856
0.418347
0.007736
0.067982
0.433137
0.169864
0.009731
0.815424
0.251022
0.156673
0.594864
0.122680
0.808010
0.017884
0.180932
0.021237
1.048961
0.381582
0.384747
0.637525
0.510129
0.003732
0.044880
0.712240
0.137753
0.017052
0.909355
0.373048
0.402357
0.916808
0.085110
0.089791
0.261302
0.094294
0.172308
2.152884
0.308008
0.186099
0.782103
0.964190
0.433494
0.333196
0.037466
0.239903
0.368631
0.235656
0.274680
0.254469
1.201908
1.602404
0.063604
0.398283
1.703638
0.114895
0.184440
0.116396
0.136448
0.079063
0.661129
0.784178
2.149684
1.103580
1.561712
0.249982
0.031928
0.142178
0.238984
0.368830
0.408543
0.093589
0.236111
0.074289
0.535224
0.297628
0.366115
0.098447
0.869761
1.422326
0.430889
0.662173
1.157728
0.597076
0.166444
1.013036
1.163125
0.447804
0.039429
0.076090
0.669511
0.828516
1.349888
0.644259
0.600793
1.098092
0.062651
0.715944
0.073250
0.344305
0.166277
0.592997
0.551958
0.538369
0.893761
0.196947
0.057074
0.216771
0.350890
1.346110
0.173812
0.042718
0.548746
0.108404
0.754630
1.492315
0.032569
0.571698
0.389443
0.074767
0.864201
0.163545
1.480058
0.703681
0.001654
0.521310
0.516391
0.064526
0.262642
0.757654
0.482213
0.588055
0.322004
0.169296
0.216022
0.183682
0.474410
0.306884
0.538278
0.062272
0.247938
1.527413
0.110939
0.029480
0.079958
1.906409
0.003360
0.118397
0.538200
0.396793
0.215189
0.328515
0.876541
0.176857
0.135133
0.886164
1.453813
1.063510
1.509343
0.218484
0.540977
0.421906
0.023300
0.073024
0.973014
0.252381
0.292889
0.317403
0.965659
0.054105
0.442229
0.141185
0.028512
0.771005
0.180672
0.113584
0.721885
0.185501
0.267269
0.275081
0.975040
0.721531
1.175651
0.576796
0.031854
0.076330
0.361351
0.003571
0.011320
0.313395
0.224022
0.575143
0.018139
0.260990
0.855565
1.116475
0.812291
0.152357
0.225297
0.536544
0.227243
1.495995
1.171985
0.272929
0.665642
0.116164
0.488909
0.346399
0.364151
0.019333
1.281774
0.235010
0.809050
0.879329
0.030676
0.995519
1.741784
0.426740
1.022278
2.395076
0.020289
0.131779
0.562185
0.039194
0.508528
0.341085
1.723874
0.291114
0.707650
0.200936
0.052345
0.065267
0.164770
0.001728
0.391567
0.008374
0.118346
0.091299
0.363283
0.651045
0.114597
0.289376
0.054376
0.003286
0.155391
0.088700
1.020099
0.134875
0.667087
0.674614
0.129462
0.748927
1.792180
1.167867
0.954545
0.471558
0.253535
0.857309
0.026666
0.084144
0.081790
0.082043
0.162355
0.282506
0.084080
0.858209
0.297334
0.227496
2.178722
1.671770
0.049129
0.106606
0.258834
0.109471
0.110676
0.556180
0.222508
0.035513
1.191066
0.050358
0.828060
0.072955
1.028649
0.760181
0.019903
0.643652
0.248753
0.287031
0.392580
0.293394
0.447823
0.593483
0.452207
1.015969
0.067624
0.693152
0.584319
0.427545
0.061394
0.564122
0.387660
0.117313
1.014047
1.437065
0.260240
0.034664
0.476935
0.723981
0.072826
0.369490
0.985785
1.447159
0.536711
0.660184
0.647369
0.597322
0.305276
0.062773
0.071909
0.000451
0.412625
0.646605
0.594964
0.085451
0.451355
0.863710
1.188103
0.166856
0.252930
0.011454
1.611189
1.378018
0.131840
0.881742
1.060097
0.507428
1.129441
0.341345
0.257498
0.015784
0.008646
0.152759
1.859417
0.562436
2.789288
0.604942
0.233001
0.301810
0.856715
0.353065
0.302635
0.240332
0.132023
0.081160
0.386878
0.876053
1.789345
0.295134
0.058454
0.230305
0.315996
0.036539
0.182323
0.602401
1.146444
0.102621
0.206090
0.791297
0.570176
0.674097
0.873296
0.597732
0.001778
0.808157
0.233199
4.193638
0.349722
0.683711
0.301601
0.194963
0.144967
1.187668
0.609578
0.330580
0.029263
0.139357
0.185778
0.014681
0.584085
0.272943
0.253779
0.085710
0.337795
0.608012
0.975192
0.247287
1.099756
0.108814
0.102117
0.421330
1.373392
0.005207
0.155218
1.401865
0.834942
0.510291
1.399989
0.189073
0.242946
0.248899
0.507728
0.506041
0.177730
0.209490
0.064080
0.220025
0.440373
0.281609
0.243010
0.160510
0.952905
0.763851
0.282925
0.209611
0.333311
0.171177
0.659524
0.235564
0.332259
1.246498
1.451470
0.273524
1.313456
0.119135
0.223738
0.672442
0.954008
0.178301
0.027915
0.134906
0.588960
0.588930
1.031849
2.368226
0.017475
2.503063
0.213262
0.483624
0.275763
0.658676
1.124346
0.160949
0.361930
0.197697
0.480734
0.000842
0.479193
0.215606
0.236913
0.053774
0.155726
0.194690
0.370446
0.108653
0.382357
1.077397
1.364733
0.244010
0.101684
2.257024
0.487273
1.044157
0.571452
0.342245
1.009962
0.628431
0.335650
0.120756
0.204230
1.220266
1.466068
0.130545
0.104197
0.309799
0.406387
0.819386
0.311365
0.094893
0.084837
0.919131
0.160675
0.275544
0.089222
0.800098
0.482470
0.598602
0.573192
0.403427
0.043936
1.005848
0.391302
0.613378
0.678062
0.126733
0.113081
0.470390
1.401308
0.587801
0.869310
0.160568
0.463489
0.736917
0.351058
0.785987
0.132500
0.031384
0.455834
0.595883
0.133092
0.701633
0.385254
0.355181
0.097938
0.603072
0.183129
0.796977
0.254258
2.250059
0.215868
0.329599
0.965962
1.119359
0.105047
0.454997
0.062385
0.248710
0.116061
0.029158
0.043471
0.015945
0.201227
0.581610
0.810608
0.903296
0.326854
0.017884
1.134701
0.040623
0.657361
0.069820
0.892611
0.156447
0.509248
0.005089
1.742137
1.455130
0.822544
0.229383
1.362324
0.085764
0.950803
0.779281
0.026188
0.020496
0.244724
0.092158
0.282875
0.450929
0.127431
0.362149
0.491178
0.406302
0.113360
0.279233
0.248861
0.574022
0.310925
0.170339
0.715178
0.108146
0.271538
0.449491
0.311040
0.029824
0.462088
0.283255
0.001724
0.263941
0.805807
1.389281
0.419399
0.526494
0.649937
0.482214
0.587644
0.060784
0.773528
0.065816
0.616621
0.006088
0.508983
0.203402
0.420129
0.921088
0.718035
1.615567
0.371454
0.127568
0.143308
0.167769
0.272096
0.551673
1.052129
1.072205
0.647576
0.328124
0.189431
0.653899
1.109823
0.061533
0.550493
0.307281
0.728146
0.251173
0.040562
0.306402
0.356022
1.001416
0.435547
0.122958
1.048393
0.124345
0.401747
0.294890
0.031846
0.188714
0.260470
0.440916
0.387794
0.532450
1.024064
1.600223
0.195395
0.691326
0.922956
0.025448
0.130873
0.085678
0.755264
0.064853
0.159603
0.295895
0.434666
0.020502
0.921174
0.537482
0.344922
0.216095
0.370893
0.041611
0.420739
0.256152
0.178359
0.064580
0.936822
0.224501
0.285946
0.145494
1.475497
1.846653
1.191422
0.853901
1.361834
0.131456
0.419461
0.749139
0.164816
0.800036
1.358779
0.030948
1.261391
0.116116
0.353301
0.347106
0.142120
0.214038
0.086714
0.684737
0.600576
0.574363
0.873236
0.156042
0.043785
0.067133
0.246530
1.331655
0.334108
0.870883
0.100910
0.285544
0.804468
0.047414
0.146398
0.662630
0.194054
0.862005
0.357442
0.461245
0.483487
0.294137
0.543082
0.387756
0.527710
0.092667
0.020445
1.148138
0.364296
0.111126
0.517997
0.122033
1.069581
0.318136
0.331449
1.692059
0.453641
1.035299
1.133490
0.043738
0.599789
0.041220
0.365786
0.345154
0.092926
0.740687
0.132533
0.337912
0.451102
0.680500
0.049212
0.120459
0.104319
0.705759
0.700452
0.917119
1.297813
0.789189
0.672830
0.292427
2.479351
0.242870
0.538490
1.040620
0.967228
0.077755
0.920424
0.300629
0.009036
0.669119
0.383543
0.630429
0.848658
0.028013
0.121143
2.149892
0.877693
0.297115
0.324749
0.273645
0.106354
0.423648
0.504722
0.238953
0.198491
0.246496
0.124349
0.145882
0.100994
1.607147
0.595147
0.096715
0.211236
0.219443
0.026224
0.111617
0.345840
1.114734
0.527705
0.364052
0.497270
0.103873
0.133134
0.296137
0.138583
0.297950
0.284016
0.035872
1.136254
1.209855
0.337374
0.046362
0.329354
0.067505
0.316002
0.830720
0.362316
0.583432
0.032637
0.599313
0.522737
0.711599
1.036786
2.484487
0.060690
1.297549
0.107291
0.475401
0.851259
0.932397
0.070060
0.296997
0.016602
0.226681
1.126016
0.160605
0.839518
0.198879
0.210766
0.619615
0.136711
0.899917
0.802094
0.639543
1.621669
0.155592
0.379476
0.323574
1.562693
0.451975
0.096098
0.463871
0.218548
0.025183
0.455160
0.315926
1.834162
0.782056
0.042759
0.785726
0.505024
0.119579
0.137310
0.551998
0.430453
0.072486
1.433978
0.247695
0.310999
0.169238
0.053269
0.605932
0.064951
1.151328
0.275881
0.043206
0.091618
1.560751
0.409636
0.065914
0.400302
0.662323
0.651093
1.177111
0.764441
0.197016
0.233744
0.708796
0.061872
0.303842
0.399209
0.697551
0.551458
0.780559
0.272923
0.140730
1.295486
0.226148
0.505281
0.245661
0.526310
0.667887
0.047452
0.740953
0.506748
0.361398
0.967515
0.816049
0.317926
0.267925
1.315471
0.010846
0.080631
0.533634
1.305168
1.345252
2.000990
0.178278
0.585360
0.051634
0.703873
0.137097
0.949585
0.275307
0.015186
0.158010
0.552400
1.550188
0.503641
0.181712
0.210150
0.168273
0.021325
0.284307
0.030174
0.567855
1.481120
1.227536
0.330134
0.271341
0.199471
0.264899
0.290151
0.324950
0.034851
0.228453
0.263863
0.025147
0.549322
0.052631
0.079594
0.274076
0.207551
2.990064
0.933414
0.230734
0.156279
0.360886
0.196232
1.167641
0.854126
0.550949
0.104734
0.985102
0.053487
0.142208
0.387588
0.025514
0.088184
0.011463
0.316083
0.337321
0.284528
1.197519
1.729888
0.347845
0.161200
0.237905
0.399609
1.425976
0.325552
0.597810
0.226476
0.852581
0.593648
0.117632
0.104066
1.653616
0.643220
0.359242
1.007199
0.391061
0.099390
0.028594
0.258034
0.165448
0.180579
1.428112
0.201335
0.312577
1.678766
0.804790
1.555933
0.254680
0.616974
1.288810
1.153243
2.081863
0.180244
0.299563
1.306727
0.759784
0.080197
0.171929
0.457459
0.926226
0.347182
0.774054
0.821317
0.127031
0.178237
0.559096
0.728190
0.327087
0.652290
0.093200
0.717425
0.016181
0.059715
0.048981
0.343250
0.040471
1.119079
0.300874
0.323964
0.460909
0.235957
0.236814
0.441736
0.567933
0.880042
0.360130
0.308139
1.868238
0.815699
0.030672
0.855486
0.181888
0.938172
0.491536
0.376776
0.079328
0.177602
0.175652
0.492873
0.014037
0.313950
0.246074
0.030686
0.432397
0.328895
0.406182
0.534450
0.235283
0.004187
0.071638
1.898352
0.242686
0.357437
0.415298
0.032743
0.206786
0.040380
0.370579
0.189079
1.068232
0.437262
0.072044
0.103439
0.280876
0.713617
0.629725
0.429602
0.030405
0.006249
0.113664
0.045335
0.325723
0.448279
0.079034
0.029647
0.038459
0.606005
0.626205
0.298360
0.620217
0.940855
0.278383
0.050061
0.221908
2.363730
0.086381
0.597231
0.035606
0.573010
0.006042
1.504548
0.153970
0.079029
0.073986
0.593444
1.183441
0.961166
0.158268
1.679435
1.005535
0.321866
0.026651
0.211456
0.034514
0.110396
0.257446
0.075839
1.153887
0.062000
0.445945
0.472421
1.666167
0.008604
0.612994
0.194826
0.004123
1.001960
0.010020
0.040034
0.396257
0.016185
0.014000
0.836548
0.098038
0.090255
0.353791
0.044021
0.009535
0.753658
0.025385
1.081606
0.145957
0.053465
0.130623
0.192734
0.178000
0.500303
0.308651
0.111599
0.691077
0.026027
0.833806
0.624578
0.035095
0.364735
0.018312
0.039519
0.241467
0.028709
0.082993
1.331952
0.045867
0.099563
0.678677
0.154421
0.212101
0.143724
0.215377
0.226749
0.014365
0.254984
0.143603
0.165287
0.347470
0.326532
0.459844
0.805776
0.059333
0.031981
0.000233
0.986129
0.059775
0.835045
0.426788
0.099509
0.199944
0.470896
0.148166
0.623500
0.548117
0.263309
0.514952
0.700249
0.445742
0.243569
0.009708
1.371798
0.504535
0.230392
0.178523
0.544970
0.732012
0.399146
1.452504
0.157076
0.014948
0.395499
0.036293
0.076196
0.468970
0.036544
0.001105
0.638716
1.069598
0.429386
1.159926
0.119037
0.103137
0.086089
1.291743
0.956159
0.419169
0.419027
0.465434
0.085705
1.529505
0.490439
0.048909
0.443983
2.577473
0.249981
0.145357
0.719690
1.435418
0.110026
0.016529
1.802319
0.681545
0.054089
0.060605
0.217471
0.094983
0.061852
0.038411
0.028424
0.589927
1.857766
0.155385
1.056255
0.071836
0.106354
0.657133
0.604325
0.711596
0.205578
0.979230
0.622609
1.636865
1.519430
0.178788
1.565940
0.211985
0.402488
0.635216
0.170474
0.693996
0.696774
0.151708
0.341158
0.963235
0.235690
0.939485
0.013866
0.338851
1.270410
0.043113
0.102219
1.135814
0.215185
0.033049
0.015582
0.389723
0.793077
0.658541
0.178620
0.071015
0.447030
0.006298
0.049656
0.391666
0.187818
0.026123
1.097652
1.005142
0.735261
0.097752
0.479173
0.369074
0.289273
0.058845
0.236075
0.844096
1.588402
0.258498
0.183626
1.057968
0.333062
0.338891
0.748804
0.904055
0.406212
0.822583
0.236906
0.216552
0.387291
0.566248
0.330740
0.069695
0.586059
0.431913
0.559251
0.001722
0.496260
0.412661
1.018142
0.255041
0.672550
0.332728
1.272677
0.098478
0.454396
0.176836
2.551379
0.405144
0.604636
0.179256
0.285243
0.104060
0.788831
0.118548
0.012109
0.215208
0.009135
0.256499
0.604105
0.407328
0.041188
0.102395
0.581287
0.733458
0.721189
0.223574
0.740967
0.249608
1.278462
0.514015
0.786424
0.542271
0.068626
0.626058
0.918535
0.645927
0.006034
0.899805
0.164606
0.625150
0.073046
0.628088
1.158703
1.325816
1.304177
1.297790
0.163714
1.445227
0.197782
1.968520
0.348233
0.260248
0.090566
0.104729
0.096270
1.324729
0.398730
1.477682
0.194528
0.319315
0.446079
0.060999
0.071894
0.633775
0.882903
1.837384
0.293240
0.919259
0.828478
0.644090
0.404311
1.452055
0.289452
0.304403
1.038388
0.227720
0.240146
0.083554
0.185735
0.615666
0.072158
0.835490
0.060446
0.178381
0.000457
0.170547
0.130275
0.399746
0.135215
0.401119
0.011341
0.877748
0.549095
0.085012
0.394452
0.342071
0.070206
2.272344
0.205056
1.409056
0.625191
1.107987
1.083520
0.083081
0.213053
0.713872
0.365864
0.651619
1.226950
0.883641
0.286746
0.024820
0.512413
0.399605
0.214231
0.513689
0.914185
0.431211
0.106905
0.039670
0.069366
0.120988
1.168857
0.794975
0.232035
0.298110
0.172332
0.348859
0.288560
0.494385
0.292202
0.082491
0.365859
0.198783
0.182053
1.004476
0.046165
0.868935
0.450972
0.001121
0.529661
0.015573
0.025998
0.174389
0.434921
0.254711
1.378401
0.272628
1.886537
0.069059
0.343165
0.056336
0.210743
0.255439
1.164570
0.628000
0.945707
0.107936
0.122624
0.169578
0.863345
0.539481
0.289658
0.208551
2.215504
0.683052
0.115914
0.039681
0.420831
0.807571
0.040894
0.125717
0.891311
0.069171
0.363627
0.266182
0.375765
0.301901
0.895156
0.351977
0.436466
0.199994
0.473286
1.303221
0.654119
0.361341
0.512791
0.432378
0.616725
0.979150
1.006730
0.378407
0.365896
0.182781
1.027426
0.353675
0.026223
0.041042
0.437748
0.483925
1.059895
0.542173
0.923901
0.621958
0.782893
0.222505
0.066498
0.192414
0.836866
1.580586
0.870933
0.251039
0.169345
0.287005
0.193517
0.008573
1.510934
1.639642
0.452980
0.539410
0.860875
0.310246
0.105883
0.207910
0.731616
0.032394
0.939481
0.856310
0.076307
0.281583
0.289649
0.010858
0.048516
0.165730
0.660682
1.075147
0.512646
0.975122
0.113439
0.302350
0.844740
0.014091
0.943555
0.054172
0.312303
0.092818
0.063736
0.268771
0.070648
0.628559
0.039425
1.528964
0.097915
0.155077
0.173515
1.462737
0.199791
0.075683
0.726149
0.318325
0.423223
0.115132
0.339051
0.544634
0.334522
0.127865
0.396028
0.069120
0.043548
0.693287
0.437181
1.145302
0.752222
0.282256
0.000738
0.138791
0.459129
0.064574
0.536770
0.659420
0.906034
0.662175
0.578496
0.007319
0.000345
1.926522
1.620717
0.200306
0.063492
0.648886
0.807297
0.586100
1.348087
0.173680
0.218364
0.272656
0.366047
1.156014
0.398641
0.461291
0.526355
0.070966
0.347879
0.280068
0.414693
0.349360
0.556236
0.089844
0.488997
0.199835
1.136628
0.308667
0.032794
0.436847
0.322322
0.033163
0.412059
0.286389
0.250655
0.570703
0.088908
0.108638
0.231769
0.050154
0.335440
0.645125
0.362607
0.003936
0.491399
0.033726
0.471252
0.161998
0.110041
0.059196
0.611434
0.716127
0.476519
0.236501
1.299817
0.136146
0.612648
0.865020
0.600301
0.734430
0.259863
0.095664
0.897841
1.701011
0.471036
0.129547
0.521103
0.741589
0.275426
0.009219
1.014470
1.216822
0.679471
0.242501
1.263639
0.230070
0.298493
0.378015
0.518597
0.520755
0.513787
0.216290
0.262385
0.148232
0.651047
0.203239
0.341525
0.284905
0.085234
0.107782
0.114191
0.412822
0.229473
0.019456
0.376174
1.913646
0.154906
0.096832
0.695786
0.585521
0.108043
0.483583
0.460953
1.385511
0.002077
0.369453
0.182791
0.302272
0.027142
1.515771
0.053100
0.593661
0.180432
0.355721
1.513313
0.015727
0.925984
0.295699
0.313054
4.265655
0.511325
0.553591
0.412596
0.004223
0.614947
0.047480
2.157790
1.826580
0.155070
0.669624
0.545392
0.309011
0.221427
0.154819
0.254075
0.224665
0.777121
0.609711
0.845380
0.920960
0.534077
1.240714
0.384421
1.600566
0.277076
0.334687
2.315157
0.156338
1.362227
